[gd_scene format=3 uid="uid://dceicwiw6rmpy"]

[ext_resource type="PackedScene" uid="uid://cngmg0c3jg3x2" path="res://Assets/kenney-graveyard/coffin.glb" id="1_coffin"]
[ext_resource type="PackedScene" uid="uid://pqtcng2uw3dw" path="res://player/player.tscn" id="2_player"]
[ext_resource type="PackedScene" path="res://collectibles/gold_coin_pile.tscn" id="3_coinpile"]
[ext_resource type="PackedScene" path="res://levels/common/flame_boundary.tscn" id="4_flame"]
[ext_resource type="Script" uid="uid://dc2737kbeal34" path="res://levels/common/coin_deposit.gd" id="6_deposit"]

[sub_resource type="Curve3D" id="Curve3D_8cn7w"]
resource_local_to_scene = true
_data = {
"points": PackedVector3Array(0, 0, 0, 0, 0, 0, -21.321892, 0, -22.004309, 0, 0, 0, 0, 0, 0, -20.485313, 0, -21.962996, 0, 0, 0, 0, 0, 0, -22.778164, 0, -17.45992, 0, 0, 0, 0, 0, 0, -15.900345, 0, -22.754658, 0, 0, 0, 0, 0, 0, -8.613056, 0, -22.754658, 0, 0, 0, 0, 0, 0, -11.756594, 0, -18.496595, 0, 0, 0, 0, 0, 0, -12.213835, 0, -14.181377, 0, 0, 0, 0, 0, 0, -18.243708, 0, -14.124222, 0, 0, 0, 0, 0, 0, -20.186985, 0, -14.781507, 0, 0, 0, 0, 0, 0, -20.301296, 0, -12.038057, 0, 0, 0, 0, 0, 0, -16.271852, 0, -12.638186, 0, 0, 0, 0, 0, 0, -12.442455, 0, -12.209523, 0, 0, 0, 0, 0, 0, -9.89905, 0, -9.5518055, 0, 0, 0, 0, 0, 0, -12.185257, 0, -6.6654687, 0, 0, 0, 0, 0, 0, -15.443104, 0, -9.437495, 0, 0, 0, 0, 0, 0, -20.501339, 0, -9.294608, 0, 0, 0, 0, 0, 0, -20.501339, 0, -0.86421686, 0, 0, 0, 0, 0, 0, -21.244356, 0, -9.123142, 0, 0, 0, 0, 0, 0, -17.843622, 0, -7.179867, 0, 0, 0, 0, 0, 0, -14.271421, 0, -5.7795644, 0, 0, 0, 0, 0, 0, -16.900562, 0, -2.1216316, 0, 0, 0, 0, 0, 0, -14.299999, 0, 0.9647493, 0, 0, 0, 0, 0, 0, -14.52862, 0, 2.850872, 0, 0, 0, 0, 0, 0, -21.044312, 0, 2.9937599, 0, 0, 0, 0, 0, 0, -21.1872, 0, 8.223459, 0, 0, 0, 0, 0, 0, -20.615648, 0, 3.851087, 0, 0, 0, 0, 0, 0, -15.471682, 0, 3.6510441, 0, 0, 0, 0, 0, 0, -14.042801, 0, 8.394928, 0, 0, 0, 0, 0, 0, -20.529917, 0, 12.224326, 0, 0, 0, 0, 0, 0, -22.987589, 0, 16.56812, 0, 0, 0, 0, 0, 0, -18.358019, 0, 21.19769, 0, 0, 0, 0, 0, 0, -21.93022, 0, 21.026222, 0, 0, 0, 0, 0, 0, -14.271421, 0, 19.082949, 0, 0, 0, 0, 0, 0, -10.670645, 0, 21.283424, 0, 0, 0, 0, 0, 0, -9.584694, 0, 12.195748, 0, 0, 0, 0, 0, 0, -5.926764, 0, 17.911264, 0, 0, 0, 0, 0, 0, -2.8118043, 0, 22.312218, 0, 0, 0, 0, 0, 0, 3.0466018, 0, 21.226267, 0, 0, 0, 0, 0, 0, 6.675958, 0, 20.94049, 0, 0, 0, 0, 0, 0, 8.219149, 0, 21.997864, 0, 0, 0, 0, 0, 0, 6.3044524, 0, 22.597992, 0, 0, 0, 0, 0, 0, 11.04833, 0, 22.51226, 0, 0, 0, 0, 0, 0, 14.591955, 0, 19.711655, 0, 0, 0, 0, 0, 0, 17.306826, 0, 22.369371, 0, 0, 0, 0, 0, 0, 21.964975, 0, 22.798037, 0, 0, 0, 0, 0, 0, 20.33605, 0, 18.654285, 0, 0, 0, 0, 0, 0, 16.763853, 0, 13.538894, 0, 0, 0, 0, 0, 0, 21.507734, 0, 12.853032, 0, 0, 0, 0, 0, 0, 21.357784, 0, 6.480995, 0, 0, 0, 0, 0, 0, 21.38636, 0, -14.352075, 0, 0, 0, 0, 0, 0, 20.197063, 0, -20.079802, 0, 0, 0, 0, 0, 0, 16.91064, 0, -17.164886, 0, 0, 0, 0, 0, 0, 13.967152, 0, -21.794456, 0, 0, 0, 0, 0, 0, 9.480465, 0, -20.279846, 0, 0, 0, 0, 0, 0, 5.508179, 0, -23.709156, 0, 0, 0, 0, 0, 0, 1.5930486, 0, -23.023293, 0, 0, 0, 0, 0, 0, 3.2505498, 0, -14.8501, 0, 0, 0, 0, 0, 0, 7.822968, 0, -9.563246, 0, 0, 0, 0, 0, 0, 11.309429, 0, -7.991477, 0, 0, 0, 0, 0, 0, 13.05267, 0, -3.0475504, 0, 0, 0, 0, 0, 0, 13.173797, 0, 1.1922086, 0, 0, 0, 0, 0, 0, 11.316253, 0, 6.5362177, 0, 0, 0, 0, 0, 0, 10.344611, 0, 10.222731, 0, 0, 0, 0, 0, 0, 9.715903, 0, 14.109284, 0, 0, 0, 0, 0, 0, 2.0856848, 0, 13.79493, 0, 0, 0, 0, 0, 0, -4.3728533, 0, 13.137644, 0, 0, 0, 0, 0, 0, -5.515956, 0, 12.594669, 0, 0, 0, 0, 0, 0, -9.831172, 0, 6.3933296, 0, 0, 0, 0, 0, 0, -11.374362, 0, 1.1636297, 0, 0, 0, 0, 0, 0, -5.487378, 0, 2.4210443, 0, 0, 0, 0, 0, 0, -1.9437532, 0, 5.8217783, 0, 0, 0, 0, 0, 0, 3.600299, 0, 5.507425, 0, 0, 0, 0, 0, 0, 7.6583204, 0, 1.3922517, 0, 0, 0, 0, 0, 0, 10.058841, 0, -2.40857, 0, 0, 0, 0, 0, 0, 3.6574545, 0, -7.295339, 0, 0, 0, 0, 0, 0, 2.028533, 0, -1.6655515, 0, 0, 0, 0, 0, 0, -4.7729387, 0, -2.3799922, 0, 0, 0, 0, 0, 0, -6.887681, 0, -1.6083964, 0, 0, 0, 0, 0, 0, -4.6586275, 0, -4.580467, 0, 0, 0, 0, 0, 0, -11.917338, 0, -3.6659844, 0, 0, 0, 0, 0, 0, -2.5724611, 0, -9.581547, 0, 0, 0, 0, 0, 0, -2.6581964, 0, -23.38453, 0, 0, 0, 0, 0, 0, -5.973197, 0, -22.812977, 0, 0, 0, 0, 0, 0, -7.3735, 0, -15.554265, 0, 0, 0, 0, 0, 0, -12.488891, 0, -19.469395, 0, 0, 0, 0, 0, 0, -10.145528, 0, -22.212845, 0, 0, 0, 0, 0, 0, -15.803891, 0, -21.81276, 0, 0, 0, 0, 0, 0, -20.082123, 0, -24.155224),
"tilts": PackedFloat32Array(0, 0, 0, 0, 0, 0, 0, 0, 0, 0, 0, 0, 0, 0, 0, 0, 0, 0, 0, 0, 0, 0, 0, 0, 0, 0, 0, 0, 0, 0, 0, 0, 0, 0, 0, 0, 0, 0, 0, 0, 0, 0, 0, 0, 0, 0, 0, 0, 0, 0, 0, 0, 0, 0, 0, 0, 0, 0, 0, 0, 0, 0, 0, 0, 0, 0, 0, 0, 0, 0, 0, 0, 0, 0, 0, 0, 0, 0, 0, 0, 0, 0, 0, 0, 0, 0, 0, 0)
}
point_count = 88

[sub_resource type="Animation" id="Animation_ldtqu"]
resource_local_to_scene = true
resource_name = "flame_boundary_preview"
length = 475.27316
loop_mode = 1
tracks/0/type = "value"
tracks/0/imported = false
tracks/0/enabled = true
tracks/0/path = NodePath(".:movement_speed")
tracks/0/interp = 1
tracks/0/loop_wrap = false
tracks/0/keys = {
"times": PackedFloat32Array(0, 10.1),
"transitions": PackedFloat32Array(1, 1),
"update": 0,
"values": [1.0, 2.0]
}
tracks/1/type = "scale_3d"
tracks/1/imported = false
tracks/1/enabled = true
tracks/1/path = NodePath("BoundaryCenter")
tracks/1/interp = 1
tracks/1/loop_wrap = true
tracks/1/keys = PackedFloat32Array(0, 1, 1, 1, 1, 10, 1, 1.75, 1, 1.5, 20, 1, 0.625, 1, 0.875, 30, 1, 1, 1, 1)
tracks/2/type = "value"
tracks/2/imported = false
tracks/2/enabled = true
tracks/2/path = NodePath(".:shape_morph")
tracks/2/interp = 1
tracks/2/loop_wrap = true
tracks/2/keys = {
"times": PackedFloat32Array(0, 5, 10, 15, 20, 30),
"transitions": PackedFloat32Array(1, 1, 1, 1, 1, 1),
"update": 0,
"values": [0.0, 0.0, 1.0, 1.0, 0.0, 0.0]
}

[sub_resource type="AnimationLibrary" id="AnimationLibrary_3tqij"]
_data = {
&"flame_boundary": SubResource("Animation_ldtqu")
}

[node name="Level8" type="Node3D" unique_id=145450153]

[node name="LevelLayout" type="Node3D" parent="." unique_id=863965489]
transform = Transform3D(0.80160874, 0, -0.597849, 0, 1, 0, 0.597849, 0, 0.80160874, 0.078243256, 0, 0.33029175)

[node name="GoldCoinPile" parent="LevelLayout" unique_id=1305244581 instance=ExtResource("3_coinpile")]
transform = Transform3D(0.80160874, 0, 0.597849, 0, 1, 0, -0.597849, 0, 0.80160874, -7.361232, 0, 3.2469397)
coin_count = 10

[node name="GoldCoinPile25" parent="LevelLayout" unique_id=1129076963 instance=ExtResource("3_coinpile")]
transform = Transform3D(0.80160874, 0, 0.597849, 0, 1, 0, -0.597849, 0, 0.80160874, -23.052967, 0, -8.9618225)
coin_count = 10

[node name="GoldCoinPile26" parent="LevelLayout" unique_id=95235736 instance=ExtResource("3_coinpile")]
transform = Transform3D(0.80160874, 0, 0.597849, 0, 1, 0, -0.597849, 0, 0.80160874, -15.814636, 0, -0.34408575)
coin_count = 10

[node name="GoldCoinPile2" parent="LevelLayout" unique_id=2006825687 instance=ExtResource("3_coinpile")]
transform = Transform3D(0.80160874, 0, 0.597849, 0, 1, 0, -0.597849, 0, 0.80160874, -6.629609, 0, -0.06717019)
coin_count = 10

[node name="GoldCoinPile22" parent="LevelLayout" unique_id=2015703996 instance=ExtResource("3_coinpile")]
transform = Transform3D(0.80160874, 0, 0.597849, 0, 1, 0, -0.597849, 0, 0.80160874, 11.777692, 0, -1.5314012)
coin_count = 10

[node name="GoldCoinPile23" parent="LevelLayout" unique_id=1198355647 instance=ExtResource("3_coinpile")]
transform = Transform3D(0.80160874, 0, 0.597849, 0, 1, 0, -0.597849, 0, 0.80160874, 19.785591, 0, -6.3682146)
coin_count = 10

[node name="GoldCoinPile3" parent="LevelLayout" unique_id=1309464412 instance=ExtResource("3_coinpile")]
transform = Transform3D(0.80160874, 0, 0.597849, 0, 1, 0, -0.597849, 0, 0.80160874, -2.7133858, 0, -2.4576194)
coin_count = 15

[node name="GoldCoinPile4" parent="LevelLayout" unique_id=1462296258 instance=ExtResource("3_coinpile")]
transform = Transform3D(0.80160874, 0, 0.597849, 0, 1, 0, -0.597849, 0, 0.80160874, 0.78517216, 0, -12.508842)
coin_count = 10
pile_radius = 2.0

[node name="GoldCoinPile5" parent="LevelLayout" unique_id=122153076 instance=ExtResource("3_coinpile")]
transform = Transform3D(0.80160874, 0, 0.597849, 0, 1, 0, -0.597849, 0, 0.80160874, -7.709321, 0, -12.70768)
coin_count = 10

[node name="GoldCoinPile6" parent="LevelLayout" unique_id=1364329950 instance=ExtResource("3_coinpile")]
transform = Transform3D(0.80160874, 0, 0.597849, 0, 1, 0, -0.597849, 0, 0.80160874, -13.11548, 0, -10.897264)
coin_count = 10

[node name="GoldCoinPile7" parent="LevelLayout" unique_id=1440141592 instance=ExtResource("3_coinpile")]
transform = Transform3D(0.80160874, 0, 0.597849, 0, 1, 0, -0.597849, 0, 0.80160874, -18.110302, 0, -6.4015303)
coin_count = 10

[node name="GoldCoinPile9" parent="LevelLayout" unique_id=691761814 instance=ExtResource("3_coinpile")]
transform = Transform3D(0.80160874, 0, 0.597849, 0, 1, 0, -0.597849, 0, 0.80160874, -24.14842, 0, 6.1920547)
coin_count = 10

[node name="GoldCoinPile27" parent="LevelLayout" unique_id=599318615 instance=ExtResource("3_coinpile")]
transform = Transform3D(0.80160874, 0, 0.597849, 0, 1, 0, -0.597849, 0, 0.80160874, -28.553738, 0, 1.3218393)
coin_count = 10

[node name="GoldCoinPile24" parent="LevelLayout" unique_id=1145272006 instance=ExtResource("3_coinpile")]
transform = Transform3D(0.80160874, 0, 0.597849, 0, 1, 0, -0.597849, 0, 0.80160874, 12.990402, 0, -16.33633)
coin_count = 10

[node name="GoldCoinPile10" parent="LevelLayout" unique_id=880519627 instance=ExtResource("3_coinpile")]
transform = Transform3D(0.80160874, 0, 0.597849, 0, 1, 0, -0.597849, 0, 0.80160874, -17.211449, 0, 7.9678383)
coin_count = 10

[node name="GoldCoinPile11" parent="LevelLayout" unique_id=2016635951 instance=ExtResource("3_coinpile")]
transform = Transform3D(0.80160874, 0, 0.597849, 0, 1, 0, -0.597849, 0, 0.80160874, -17.418297, 0, 15.241049)
coin_count = 10

[node name="GoldCoinPile12" parent="LevelLayout" unique_id=601058255 instance=ExtResource("3_coinpile")]
transform = Transform3D(0.80160874, 0, 0.597849, 0, 1, 0, -0.597849, 0, 0.80160874, -3.932769, 0, 11.857482)
coin_count = 10

[node name="GoldCoinPile13" parent="LevelLayout" unique_id=621262923 instance=ExtResource("3_coinpile")]
transform = Transform3D(0.80160874, 0, 0.597849, 0, 1, 0, -0.597849, 0, 0.80160874, -7.5371323, 0, 22.39389)
coin_count = 10

[node name="GoldCoinPile14" parent="LevelLayout" unique_id=1528887053 instance=ExtResource("3_coinpile")]
transform = Transform3D(0.80160874, 0, 0.597849, 0, 1, 0, -0.597849, 0, 0.80160874, -4.366312, 0, 30.137299)
coin_count = 10

[node name="GoldCoinPile15" parent="LevelLayout" unique_id=2045258749 instance=ExtResource("3_coinpile")]
transform = Transform3D(0.80160874, 0, 0.597849, 0, 1, 0, -0.597849, 0, 0.80160874, 5.878022, 0, 12.741844)
coin_count = 10

[node name="GoldCoinPile16" parent="LevelLayout" unique_id=89848146 instance=ExtResource("3_coinpile")]
transform = Transform3D(0.80160874, 0, 0.597849, 0, 1, 0, -0.597849, 0, 0.80160874, 5.586075, 0, 23.950642)
coin_count = 10

[node name="GoldCoinPile17" parent="LevelLayout" unique_id=1483082274 instance=ExtResource("3_coinpile")]
transform = Transform3D(0.80160874, 0, 0.597849, 0, 1, 0, -0.597849, 0, 0.80160874, 15.193735, 0, 17.005846)
coin_count = 10

[node name="GoldCoinPile18" parent="LevelLayout" unique_id=1964026963 instance=ExtResource("3_coinpile")]
transform = Transform3D(0.80160874, 0, 0.597849, 0, 1, 0, -0.597849, 0, 0.80160874, 18.546848, 0, 12.209733)
coin_count = 10

[node name="GoldCoinPile19" parent="LevelLayout" unique_id=1948470944 instance=ExtResource("3_coinpile")]
transform = Transform3D(0.80160874, 0, 0.597849, 0, 1, 0, -0.597849, 0, 0.80160874, 9.858389, 0, 3.6376712)
coin_count = 10

[node name="GoldCoinPile20" parent="LevelLayout" unique_id=716572566 instance=ExtResource("3_coinpile")]
transform = Transform3D(0.80160874, 0, 0.597849, 0, 1, 0, -0.597849, 0, 0.80160874, 22.634243, 0, -2.4918642)
coin_count = 10

[node name="GoldCoinPile21" parent="LevelLayout" unique_id=1977483895 instance=ExtResource("3_coinpile")]
transform = Transform3D(0.80160874, 0, 0.597849, 0, 1, 0, -0.597849, 0, 0.80160874, 29.475483, 0, 0.88089174)
coin_count = 10

[node name="GoldCoinPile8" parent="LevelLayout" unique_id=1123125425 instance=ExtResource("3_coinpile")]
transform = Transform3D(0.80160874, 0, 0.597849, 0, 1, 0, -0.597849, 0, 0.80160874, 7.119217, 0, -8.851183)
coin_count = 20
pile_radius = 2.0

[node name="coffin3" parent="LevelLayout" unique_id=1894824003 instance=ExtResource("1_coffin")]
transform = Transform3D(0.80160874, 0, 0.597849, 0, 1, 0, -0.597849, 0, 0.80160874, -5.999345, -5.9604645e-08, 3.9392242)

[node name="CoinDeposit" type="Node3D" parent="LevelLayout/coffin3" unique_id=894045105]
transform = Transform3D(1, 0, 0, 0, 1, 0, 0, 0, 1, 0, 0.42, 0)
script = ExtResource("6_deposit")
metadata/_edit_lock_ = true

[node name="coffin4" parent="LevelLayout" unique_id=600896566 instance=ExtResource("1_coffin")]
transform = Transform3D(-0.13597488, 0, 0.9907123, 0, 1, 0, -0.9907123, 0, -0.13597488, -17.06468, -5.9604645e-08, -7.248219)

[node name="CoinDeposit" type="Node3D" parent="LevelLayout/coffin4" unique_id=91261711]
transform = Transform3D(1, 0, 0, 0, 1, 0, 0, 0, 1, 0, 0.42, 0)
script = ExtResource("6_deposit")

[node name="coffin5" parent="LevelLayout" unique_id=868622373 instance=ExtResource("1_coffin")]
transform = Transform3D(0.80160874, 0, 0.597849, 0, 1, 0, -0.597849, 0, 0.80160874, -1.1423547, -5.9604645e-08, -11.06447)

[node name="CoinDeposit" type="Node3D" parent="LevelLayout/coffin5" unique_id=1240180796]
transform = Transform3D(1, 0, 0, 0, 1, 0, 0, 0, 1, 0, 0.42, 0)
script = ExtResource("6_deposit")

[node name="coffin6" parent="LevelLayout" unique_id=2051800972 instance=ExtResource("1_coffin")]
transform = Transform3D(0.8698223, 0, -0.49336505, 0, 1, 0, 0.49336505, 0, 0.8698223, -15.053784, -5.9604645e-08, 9.463219)

[node name="CoinDeposit" type="Node3D" parent="LevelLayout/coffin6" unique_id=54787116]
transform = Transform3D(1, 0, 0, 0, 1, 0, 0, 0, 1, 0, 0.42, 0)
script = ExtResource("6_deposit")

[node name="coffin25" parent="LevelLayout" unique_id=1601046856 instance=ExtResource("1_coffin")]
transform = Transform3D(0.80103457, 0, 0.59861827, 0, 1, 0, -0.59861827, 0, 0.80103457, -20.966042, -5.9604645e-08, 10.381007)

[node name="CoinDeposit" type="Node3D" parent="LevelLayout/coffin25" unique_id=995087480]
transform = Transform3D(1, 0, 0, 0, 1, 0, 0, 0, 1, 0, 0.42, 0)
script = ExtResource("6_deposit")

[node name="coffin7" parent="LevelLayout" unique_id=2027677637 instance=ExtResource("1_coffin")]
transform = Transform3D(-0.17897388, 0, 0.9838538, 0, 1, 0, -0.9838538, 0, -0.17897388, -9.607073, -5.9604645e-08, 19.752724)

[node name="CoinDeposit" type="Node3D" parent="LevelLayout/coffin7" unique_id=891446467]
transform = Transform3D(1, 0, 0, 0, 1, 0, 0, 0, 1, 0, 0.42, 0)
script = ExtResource("6_deposit")

[node name="coffin24" parent="LevelLayout" unique_id=502835946 instance=ExtResource("1_coffin")]
transform = Transform3D(0.86806893, 0, 0.49644375, 0, 1, 0, -0.49644375, 0, 0.86806893, -6.603855, -5.9604645e-08, 12.913198)

[node name="CoinDeposit" type="Node3D" parent="LevelLayout/coffin24" unique_id=341637864]
transform = Transform3D(1, 0, 0, 0, 1, 0, 0, 0, 1, 0, 0.42, 0)
script = ExtResource("6_deposit")

[node name="coffin23" parent="LevelLayout" unique_id=1329291622 instance=ExtResource("1_coffin")]
transform = Transform3D(-0.9110222, 0, 0.41235727, 0, 1, 0, -0.41235727, 0, -0.9110222, -2.995734, -5.9604645e-08, 24.58154)

[node name="CoinDeposit" type="Node3D" parent="LevelLayout/coffin23" unique_id=1729369881]
transform = Transform3D(1, 0, 0, 0, 1, 0, 0, 0, 1, 0, 0.42, 0)
script = ExtResource("6_deposit")

[node name="coffin8" parent="LevelLayout" unique_id=1850102587 instance=ExtResource("1_coffin")]
transform = Transform3D(0.82843196, 0, -0.5600897, 0, 1, 0, 0.5600897, 0, 0.82843196, 7.128119, -5.9604645e-08, 21.390524)

[node name="CoinDeposit" type="Node3D" parent="LevelLayout/coffin8" unique_id=1095241424]
transform = Transform3D(1, 0, 0, 0, 1, 0, 0, 0, 1, 0, 0.42, 0)
script = ExtResource("6_deposit")

[node name="coffin9" parent="LevelLayout" unique_id=1291365494 instance=ExtResource("1_coffin")]
transform = Transform3D(0.82843196, 0, -0.5600897, 0, 1, 0, 0.5600897, 0, 0.82843196, 17.055468, -5.9604645e-08, 13.986594)

[node name="CoinDeposit" type="Node3D" parent="LevelLayout/coffin9" unique_id=1994220810]
transform = Transform3D(1, 0, 0, 0, 1, 0, 0, 0, 1, 0, 0.42, 0)
script = ExtResource("6_deposit")

[node name="coffin10" parent="LevelLayout" unique_id=2126768573 instance=ExtResource("1_coffin")]
transform = Transform3D(-0.26540458, 0, 0.9641371, 0, 1, 0, -0.9641371, 0, -0.26540458, 23.971329, -5.9604645e-08, 5.3856783)

[node name="CoinDeposit" type="Node3D" parent="LevelLayout/coffin10" unique_id=71785300]
transform = Transform3D(1, 0, 0, 0, 1, 0, 0, 0, 1, 0, 0.42, 0)
script = ExtResource("6_deposit")

[node name="coffin11" parent="LevelLayout" unique_id=37510148 instance=ExtResource("1_coffin")]
transform = Transform3D(-0.26540458, 0, 0.9641371, 0, 1, 0, -0.9641371, 0, -0.26540458, 31.24705, -5.9604645e-08, 5.0796957)

[node name="CoinDeposit" type="Node3D" parent="LevelLayout/coffin11" unique_id=1264859161]
transform = Transform3D(1, 0, 0, 0, 1, 0, 0, 0, 1, 0, 0.42, 0)
script = ExtResource("6_deposit")

[node name="coffin12" parent="LevelLayout" unique_id=557072321 instance=ExtResource("1_coffin")]
transform = Transform3D(0.7898769, 0, 0.6132654, 0, 1, 0, -0.6132654, 0, 0.7898769, 21.266762, -5.9604645e-08, -4.691807)

[node name="CoinDeposit" type="Node3D" parent="LevelLayout/coffin12" unique_id=667941352]
transform = Transform3D(1, 0, 0, 0, 1, 0, 0, 0, 1, 0, 0.42, 0)
script = ExtResource("6_deposit")

[node name="coffin13" parent="LevelLayout" unique_id=782746036 instance=ExtResource("1_coffin")]
transform = Transform3D(0.7898769, 0, 0.6132654, 0, 1, 0, -0.6132654, 0, 0.7898769, 14.038261, -5.9604645e-08, -0.8897739)

[node name="CoinDeposit" type="Node3D" parent="LevelLayout/coffin13" unique_id=383798219]
transform = Transform3D(1, 0, 0, 0, 1, 0, 0, 0, 1, 0, 0.42, 0)
script = ExtResource("6_deposit")

[node name="coffin14" parent="LevelLayout" unique_id=37830806 instance=ExtResource("1_coffin")]
transform = Transform3D(0.7898769, 0, 0.6132654, 0, 1, 0, -0.6132654, 0, 0.7898769, 11.303278, -5.9604645e-08, -15.446936)

[node name="CoinDeposit" type="Node3D" parent="LevelLayout/coffin14" unique_id=1896814200]
transform = Transform3D(1, 0, 0, 0, 1, 0, 0, 0, 1, 0, 0.42, 0)
script = ExtResource("6_deposit")

[node name="coffin15" parent="LevelLayout" unique_id=1703037237 instance=ExtResource("1_coffin")]
transform = Transform3D(0.9671835, 0, -0.2540788, 0, 1, 0, 0.2540788, 0, 0.9671835, 5.4626007, -5.9604645e-08, -30.380424)

[node name="CoinDeposit" type="Node3D" parent="LevelLayout/coffin15" unique_id=1551282622]
transform = Transform3D(1, 0, 0, 0, 1, 0, 0, 0, 1, 0, 0.42, 0)
script = ExtResource("6_deposit")

[node name="coffin17" parent="LevelLayout" unique_id=1138384471 instance=ExtResource("1_coffin")]
transform = Transform3D(0.8230968, 0, 0.5679011, 0, 1, 0, -0.5679011, 0, 0.8230968, -6.314734, -5.9604645e-08, -24.510048)

[node name="CoinDeposit" type="Node3D" parent="LevelLayout/coffin17" unique_id=1058906827]
transform = Transform3D(1, 0, 0, 0, 1, 0, 0, 0, 1, 0, 0.42, 0)
script = ExtResource("6_deposit")

[node name="coffin18" parent="LevelLayout" unique_id=975916250 instance=ExtResource("1_coffin")]
transform = Transform3D(0.6032357, 0, -0.79756296, 0, 1, 0, 0.79756296, 0, 0.6032357, -9.169485, -5.9604645e-08, -10.286359)

[node name="CoinDeposit" type="Node3D" parent="LevelLayout/coffin18" unique_id=1864563174]
transform = Transform3D(1, 0, 0, 0, 1, 0, 0, 0, 1, 0, 0.42, 0)
script = ExtResource("6_deposit")

[node name="coffin19" parent="LevelLayout" unique_id=396706901 instance=ExtResource("1_coffin")]
transform = Transform3D(0.96960795, 0, -0.24466452, 0, 1, 0, 0.24466452, 0, 0.96960795, -18.462616, -5.9604645e-08, -15.052752)

[node name="CoinDeposit" type="Node3D" parent="LevelLayout/coffin19" unique_id=463839353]
transform = Transform3D(1, 0, 0, 0, 1, 0, 0, 0, 1, 0, 0.42, 0)
script = ExtResource("6_deposit")

[node name="coffin20" parent="LevelLayout" unique_id=1842326328 instance=ExtResource("1_coffin")]
transform = Transform3D(0.5536531, 0, -0.83274746, 0, 1, 0, 0.83274746, 0, 0.5536531, -28.103868, -5.9604645e-08, -6.1407013)

[node name="CoinDeposit" type="Node3D" parent="LevelLayout/coffin20" unique_id=806444074]
transform = Transform3D(1, 0, 0, 0, 1, 0, 0, 0, 1, 0, 0.42, 0)
script = ExtResource("6_deposit")

[node name="coffin21" parent="LevelLayout" unique_id=960388081 instance=ExtResource("1_coffin")]
transform = Transform3D(0.5536531, 0, -0.83274746, 0, 1, 0, 0.83274746, 0, 0.5536531, -5.510223, -5.9604645e-08, -2.598246)

[node name="CoinDeposit" type="Node3D" parent="LevelLayout/coffin21" unique_id=976198342]
transform = Transform3D(1, 0, 0, 0, 1, 0, 0, 0, 1, 0, 0.42, 0)
script = ExtResource("6_deposit")

[node name="coffin22" parent="LevelLayout" unique_id=5946835 instance=ExtResource("1_coffin")]
transform = Transform3D(0.9917743, 0, -0.12799954, 0, 1, 0, 0.12799954, 0, 0.9917743, -10.3820715, -5.9604645e-08, 1.1676564)

[node name="CoinDeposit" type="Node3D" parent="LevelLayout/coffin22" unique_id=1052803318]
transform = Transform3D(1, 0, 0, 0, 1, 0, 0, 0, 1, 0, 0.42, 0)
script = ExtResource("6_deposit")

[node name="coffin16" parent="LevelLayout" unique_id=1825766928 instance=ExtResource("1_coffin")]
transform = Transform3D(-0.16497871, 0, 0.98629713, 0, 1, 0, -0.98629713, 0, -0.16497871, 3.0495408, -5.9604645e-08, -19.884998)

[node name="CoinDeposit" type="Node3D" parent="LevelLayout/coffin16" unique_id=649242765]
transform = Transform3D(1, 0, 0, 0, 1, 0, 0, 0, 1, 0, 0.42, 0)
script = ExtResource("6_deposit")

[node name="Player" parent="." unique_id=244343110 instance=ExtResource("2_player")]
transform = Transform3D(1, 0, 0, 0, 1, 0, 0, 0, 1, -20.364414, 12, -23.739996)

[node name="FlameBoundary3D" parent="." unique_id=1881794757 instance=ExtResource("4_flame")]
transform = Transform3D(1.0000013, 0, 0, 0, 1, 0, 0, 0, 1.0000013, 0.18119812, 0, -0.41855812)
curve = SubResource("Curve3D_8cn7w")
boundary_animation = SubResource("Animation_ldtqu")
playback_duration = 475.27316

[node name="BoundaryCenter" parent="FlameBoundary3D" index="0"]
transform = Transform3D(1, 0, 0, 0, 1, 0, 0, 0, 1, -21.321892, 0, -22.004309)

[node name="BoundaryAnimationPlayer" parent="FlameBoundary3D" index="1"]
root_node = NodePath("..")
libraries/ = SubResource("AnimationLibrary_3tqij")

[editable path="FlameBoundary3D"]
