[gd_scene format=3 uid="uid://de7xcr8negord"]

[ext_resource type="Script" uid="uid://wakxwbb1skgm" path="res://levels/5/level_05.gd" id="1_level5_script"]
[ext_resource type="PackedScene" uid="uid://pqtcng2uw3dw" path="res://player/player.tscn" id="2_player"]
[ext_resource type="AudioStream" uid="uid://bcd4h7b10r85q" path="res://Assets/audio/music-track.mp3" id="3_r63d1"]
[ext_resource type="Texture2D" uid="uid://gadfwxebefkl" path="res://Assets/graveyard-grass.png" id="4_grass"]
[ext_resource type="MeshLibrary" uid="uid://c26i1gkgrxvs7" path="res://Assets/environment/graveyard.res" id="6_2lsge"]
[ext_resource type="PackedScene" uid="uid://fv08wdi8kict" path="res://Assets/kenney-graveyard/pine.glb" id="8_m3ptj"]
[ext_resource type="Script" uid="uid://bov7w0cyy2jl7" path="res://game/follow_camera.gd" id="9_7eg3p"]
[ext_resource type="Resource" path="res://levels/5/level_05_camera_profile.tres" id="10_camera_profile"]
[ext_resource type="PackedScene" uid="uid://b1tspr66he4t1" path="res://Assets/kenney-graveyard/crypt-large.glb" id="11_m3djy"]
[ext_resource type="PackedScene" uid="uid://bbdywklma8vfb" path="res://Assets/kenney-graveyard/crypt-large-roof.glb" id="12_r3qcn"]
[ext_resource type="PackedScene" uid="uid://bkinyffgpcf05" path="res://Assets/kenney-graveyard/gravestone-round.glb" id="13_tmxur"]
[ext_resource type="PackedScene" uid="uid://dok6ya4ubuaid" path="res://Assets/kenney-graveyard/gravestone-wide.glb" id="14_dcfkj"]
[ext_resource type="PackedScene" uid="uid://put22ftex48d" path="res://Assets/kenney-graveyard/gravestone-decorative.glb" id="15_ltk7u"]
[ext_resource type="PackedScene" uid="uid://bylnbh4g1184g" path="res://Assets/kenney-graveyard/gravestone-debris.glb" id="16_ltk7u"]
[ext_resource type="PackedScene" uid="uid://51mfge5s2bpu" path="res://Assets/kenney-graveyard/gravestone-roof.glb" id="17_61xpf"]
[ext_resource type="PackedScene" uid="uid://d6b03xve1ge1" path="res://Assets/kenney-graveyard/gravestone-bevel.glb" id="18_nm4ms"]
[ext_resource type="PackedScene" uid="uid://cdji1pfixqhem" path="res://Assets/kenney-graveyard/gravestone-cross-large.glb" id="19_tys11"]
[ext_resource type="PackedScene" uid="uid://smiw7occsaas" path="res://Assets/kenney-graveyard/pillar-obelisk.glb" id="20_xj8vh"]
[ext_resource type="ArrayMesh" uid="uid://yc2k8f4mykxj" path="res://Assets/environment/church-small.res" id="21_tys11"]
[ext_resource type="PackedScene" uid="uid://bjuxf3v3gaxby" path="res://Assets/kenney-graveyard/rocks.glb" id="22_7rxge"]
[ext_resource type="Material" uid="uid://cu5fhcmgsc4va" path="res://Assets/environment/road.material" id="22_xj8vh"]
[ext_resource type="PackedScene" uid="uid://dathjrgpejj8w" path="res://Assets/kenney-graveyard/rocks-tall.glb" id="23_vcbxs"]
[ext_resource type="PackedScene" uid="uid://dr8vk5aeg8rt1" path="res://Assets/environment/level-crypt.blend" id="23_xj8vh"]

[sub_resource type="StandardMaterial3D" id="StandardMaterial3D_hill_grass"]
resource_local_to_scene = true
cull_mode = 2
albedo_texture = ExtResource("4_grass")
roughness = 0.95

[sub_resource type="Environment" id="Environment_level5"]
background_mode = 1
background_color = Color(0.52, 0.46, 0.66, 1)
ambient_light_source = 2
ambient_light_color = Color(0.78, 0.84, 1, 1)
ambient_light_energy = 0.15

[node name="Level5" type="Node3D" unique_id=2124946868]
script = ExtResource("1_level5_script")
terrain_tint = Color(0.6666667, 0.6666667, 0.6666667, 1)
terrain_material = SubResource("StandardMaterial3D_hill_grass")
direct_run_camera_profile = ExtResource("10_camera_profile")

[node name="MusicPlayer" type="AudioStreamPlayer" parent="." unique_id=1892453224]
stream = ExtResource("3_r63d1")
volume_db = -6.0
autoplay = true

[node name="LevelLayout" type="Node3D" parent="." unique_id=863965489]
transform = Transform3D(0.80160874, 0, -0.597849, 0, 1, 0, 0.597849, 0, 0.80160874, 0.7847004, 0, 0.6189842)

[node name="crypt-large" parent="LevelLayout" unique_id=748486071 instance=ExtResource("11_m3djy")]
transform = Transform3D(1.1944832, -0.03706544, 0.9065518, 0.046779882, 1.4992703, -0.00033828104, -0.9061024, 0.028541638, 1.1950581, -7.3001432, 0.13644445, 13.04596)

[node name="crypt-large-roof" parent="LevelLayout" unique_id=1535122629 instance=ExtResource("12_r3qcn")]
transform = Transform3D(1.2024131, 0, 0.8967735, 0, 1.5, 0, -0.8967735, 0, 1.2024131, -7.368429, 1.1212723, 12.951703)

[node name="gravestone-round" parent="LevelLayout" unique_id=839271415 instance=ExtResource("13_tmxur")]
transform = Transform3D(0.80160874, 0, 0.597849, 0, 1, 0, -0.597849, 0, 0.80160874, -3.4270704, 0.8703031, 10.64696)

[node name="gravestone-round2" parent="LevelLayout" unique_id=473646102 instance=ExtResource("13_tmxur")]
transform = Transform3D(0.80160874, 0, 0.597849, 0, 1, 0, -0.597849, 0, 0.80160874, -4.4658976, 0.62936443, 11.327186)

[node name="gravestone-round3" parent="LevelLayout" unique_id=1750223413 instance=ExtResource("13_tmxur")]
transform = Transform3D(0.80160874, 0, 0.597849, 0, 1, 0, -0.597849, 0, 0.80160874, -1.2023733, 1.1194521, 11.338492)

[node name="gravestone-round4" parent="LevelLayout" unique_id=1024288387 instance=ExtResource("13_tmxur")]
transform = Transform3D(0.9765128, 0, 0.21545944, 0, 1, 0, -0.21545944, 0, 0.9765128, -2.042721, 0.6689165, 12.878084)

[node name="gravestone-round5" parent="LevelLayout" unique_id=1473769366 instance=ExtResource("13_tmxur")]
transform = Transform3D(0.80160874, 0, 0.597849, 0, 1, 0, -0.597849, 0, 0.80160874, -3.054321, 0.3190081, 13.749639)

[node name="gravestone-round6" parent="LevelLayout" unique_id=601386936 instance=ExtResource("13_tmxur")]
transform = Transform3D(0.5106739, 0, 0.85977453, 0, 1, 0, -0.85977453, 0, 0.5106739, -0.26086402, 1.0624179, 13.556881)

[node name="gravestone-round7" parent="LevelLayout" unique_id=1472240806 instance=ExtResource("13_tmxur")]
transform = Transform3D(0.80160874, 0, 0.597849, 0, 1, 0, -0.597849, 0, 0.80160874, -5.5687294, 0.7684974, 8.719613)

[node name="gravestone-round8" parent="LevelLayout" unique_id=1348021588 instance=ExtResource("13_tmxur")]
transform = Transform3D(0.80160874, 0, 0.597849, 0, 1, 0, -0.597849, 0, 0.80160874, -2.9182198, 1.2362317, 9.034471)

[node name="gravestone-wide" parent="LevelLayout" unique_id=1038923185 instance=ExtResource("14_dcfkj")]
transform = Transform3D(0.80160874, 0, 0.597849, 0, 1, 0, -0.597849, 0, 0.80160874, -0.4860413, 1.5355881, 9.920331)

[node name="gravestone-wide2" parent="LevelLayout" unique_id=1952542602 instance=ExtResource("14_dcfkj")]
transform = Transform3D(0.99540806, -0.015835386, 0.09440336, 0.015906423, 0.99987346, 0, -0.094391376, 0.0015016189, 0.99553394, -4.633485, 0.43327558, 12.772813)

[node name="gravestone-decorative" parent="LevelLayout" unique_id=1724937825 instance=ExtResource("15_ltk7u")]
transform = Transform3D(0.80160874, 0, 0.597849, 0, 1, 0, -0.597849, 0, 0.80160874, 0.34199405, 1.3780422, 12.0393)

[node name="gravestone-debris" parent="LevelLayout" unique_id=607127780 instance=ExtResource("16_ltk7u")]
transform = Transform3D(0.80160874, 0, 0.597849, 0, 1, 0, -0.597849, 0, 0.80160874, -6.438157, 0.756047, 10.370472)

[node name="gravestone-roof" parent="LevelLayout" unique_id=934843739 instance=ExtResource("17_61xpf")]
transform = Transform3D(0.80160874, 0, 0.597849, 0, 1, 0, -0.597849, 0, 0.80160874, 0.9460366, 1.1905134, 13.541352)

[node name="gravestone-bevel" parent="LevelLayout" unique_id=1986210832 instance=ExtResource("18_nm4ms")]
transform = Transform3D(0.80160874, 0, 0.597849, 0, 1, 0, -0.597849, 0, 0.80160874, -3.983332, 0.09020291, 14.565152)

[node name="gravestone-cross-large" parent="LevelLayout" unique_id=1429247913 instance=ExtResource("19_tys11")]
transform = Transform3D(0.80160874, 0, 0.597849, 0, 1, 0, -0.597849, 0, 0.80160874, -2.0448487, 0.83969903, 11.591556)

[node name="pillar-obelisk" parent="LevelLayout" unique_id=950973592 instance=ExtResource("20_xj8vh")]
transform = Transform3D(0.80160874, 0, 0.597849, 0, 1, 0, -0.597849, 0, 0.80160874, -2.0757558, 1.5369017, 8.013198)

[node name="pine" parent="LevelLayout" unique_id=1972116734 instance=ExtResource("8_m3ptj")]
transform = Transform3D(0.80160874, 0, 0.597849, 0, 1, 0, -0.597849, 0, 0.80160874, -9.59627, 0.54857075, 13.596911)

[node name="pine2" parent="LevelLayout" unique_id=2040511609 instance=ExtResource("8_m3ptj")]
transform = Transform3D(0.80160874, 0.14848271, 0.5791168, 7.450581e-09, 0.9686674, -0.24836156, -0.597849, 0.1990888, 0.77649224, -9.697211, 0.31951892, 15.319236)

[node name="rocks" parent="LevelLayout" unique_id=659330889 instance=ExtResource("22_7rxge")]
transform = Transform3D(0.80160874, 0, 0.597849, 0, 1, 0, -0.597849, 0, 0.80160874, -0.6817062, 0.7938696, 15.153364)

[node name="rocks-tall" parent="LevelLayout" unique_id=2090956458 instance=ExtResource("23_vcbxs")]
transform = Transform3D(0.80160874, 0, 0.597849, 0, 1, 0, -0.597849, 0, 0.80160874, 1.070663, 1.5216957, 10.201165)

[node name="Player" parent="." unique_id=244343110 instance=ExtResource("2_player")]
transform = Transform3D(1, 0, 0, 0, 1, 0, 0, 0, 1, -20.364414, -0.30537456, -23.739996)

[node name="PNGGridMap" type="GridMap" parent="." unique_id=1072862729]
transform = Transform3D(1, 0, 0, 0, 1, 0, 0, 0, 1, -24.5, 0, -24.5)
visible = false
mesh_library = ExtResource("6_2lsge")
cell_size = Vector3(1, 1, 1)
collision_layer = 0
collision_mask = 0
data = {
"cells": PackedInt32Array(0, 0, 1441792, 1, 0, 5, 2, 0, 5, 3, 0, 655362, 6, 0, 2, 7, 0, 5, 8, 0, 5, 9, 0, 5, 10, 0, 5, 11, 0, 5, 12, 0, 5, 13, 0, 5, 14, 0, 5, 15, 0, 5, 16, 0, 655364, 17, 0, 655364, 18, 0, 5, 19, 0, 5, 20, 0, 5, 21, 0, 5, 22, 0, 5, 23, 0, 5, 24, 0, 5, 25, 0, 5, 26, 0, 5, 27, 0, 5, 28, 0, 5, 29, 0, 5, 30, 0, 5, 31, 0, 5, 32, 0, 5, 33, 0, 5, 34, 0, 655364, 35, 0, 655364, 36, 0, 5, 37, 0, 655364, 38, 0, 655364, 39, 0, 5, 40, 0, 655364, 41, 0, 5, 42, 0, 5, 43, 0, 5, 44, 0, 5, 45, 0, 5, 46, 0, 5, 47, 0, 5, 48, 0, 5, 49, 0, 655360, 0, 1, 1441797, 16, 1, 1441796, 17, 1, 1048580, 34, 1, 1441796, 35, 1, 1048580, 37, 1, 1441796, 38, 1, 1048580, 40, 1, 1441797, 49, 1, 1441797, 0, 2, 1441797, 13, 2, 1441794, 16, 2, 1441796, 17, 2, 1048580, 20, 2, 1441792, 21, 2, 655362, 23, 2, 2, 24, 2, 655360, 29, 2, 1441794, 34, 2, 0, 35, 2, 1048580, 37, 2, 1441796, 38, 2, 1048576, 40, 2, 1048578, 44, 2, 6, 47, 2, 6, 49, 2, 1441797, 0, 3, 1441797, 3, 3, 6, 10, 3, 1441792, 11, 3, 5, 12, 3, 5, 13, 3, 4, 14, 3, 655362, 16, 3, 1441796, 17, 3, 1048580, 20, 3, 1441797, 24, 3, 1441797, 29, 3, 1441797, 35, 3, 1048578, 37, 3, 1048578, 41, 3, 6, 45, 3, 6, 49, 3, 1441797, 0, 4, 1441797, 5, 4, 2, 6, 4, 655362, 10, 4, 1441797, 16, 4, 1441796, 17, 4, 1048580, 20, 4, 1441797, 22, 4, 6, 24, 4, 1441797, 29, 4, 0, 30, 4, 655360, 42, 4, 6, 46, 4, 6, 49, 4, 1441797, 0, 5, 1441797, 3, 5, 6, 9, 5, 1441792, 10, 5, 1048576, 16, 5, 1441796, 17, 5, 1048580, 20, 5, 1441797, 24, 5, 1441797, 30, 5, 0, 31, 5, 655360, 43, 5, 6, 47, 5, 6, 49, 5, 1441797, 0, 6, 1441797, 8, 6, 1441792, 9, 6, 1048576, 15, 6, 1441792, 16, 6, 1, 17, 6, 1048576, 20, 6, 1441797, 22, 6, 6, 24, 6, 1441797, 31, 6, 0, 32, 6, 655360, 44, 6, 6, 49, 6, 1441797, 0, 7, 1441796, 1, 7, 5, 2, 7, 5, 3, 7, 5, 4, 7, 655364, 5, 7, 655364, 6, 7, 5, 7, 7, 5, 8, 7, 1048576, 12, 7, 1441794, 14, 7, 2, 15, 7, 4, 16, 7, 1048576, 20, 7, 1441797, 24, 7, 1441797, 32, 7, 0, 33, 7, 655360, 40, 7, 6, 45, 7, 6, 49, 7, 1441797, 0, 8, 1441797, 4, 8, 1441796, 5, 8, 1048580, 11, 8, 2, 12, 8, 1048580, 20, 8, 1441797, 22, 8, 6, 24, 8, 1441797, 28, 8, 1441792, 29, 8, 655360, 33, 8, 0, 34, 8, 5, 35, 8, 655362, 39, 8, 6, 46, 8, 6, 49, 8, 1441797, 0, 9, 1441797, 2, 9, 6, 4, 9, 1441796, 5, 9, 1048580, 8, 9, 1441794, 12, 9, 1048578, 20, 9, 1441797, 24, 9, 1441797, 28, 9, 0, 29, 9, 1048576, 31, 9, 6, 38, 9, 6, 42, 9, 1441794, 47, 9, 6, 49, 9, 1441797, 0, 10, 1441797, 4, 10, 1441796, 5, 10, 1048580, 8, 10, 1048578, 20, 10, 1441797, 22, 10, 6, 24, 10, 1441797, 37, 10, 6, 41, 10, 2, 42, 10, 1, 43, 10, 655362, 49, 10, 1441797, 0, 11, 1441797, 2, 11, 6, 4, 11, 0, 5, 11, 1048576, 9, 11, 2, 10, 11, 5, 11, 11, 655362, 13, 11, 1441792, 14, 11, 655360, 17, 11, 1441794, 20, 11, 1441797, 24, 11, 1441797, 28, 11, 1441792, 29, 11, 655360, 31, 11, 1441792, 32, 11, 655360, 42, 11, 1048578, 49, 11, 1441797, 0, 12, 1441797, 13, 12, 0, 14, 12, 1048576, 17, 12, 1441797, 20, 12, 1441797, 22, 12, 6, 24, 12, 1441797, 28, 12, 0, 29, 12, 1048576, 31, 12, 0, 32, 12, 1048576, 34, 12, 1441792, 35, 12, 655360, 39, 12, 6, 45, 12, 6, 49, 12, 1441797, 0, 13, 1441797, 7, 13, 1441792, 8, 13, 655362, 17, 13, 1441797, 20, 13, 1441797, 24, 13, 1441797, 34, 13, 0, 35, 13, 1048576, 40, 13, 6, 44, 13, 1441794, 49, 13, 1441797, 0, 14, 1441796, 1, 14, 5, 2, 14, 5, 3, 14, 5, 4, 14, 5, 5, 14, 5, 6, 14, 5, 7, 14, 1048580, 12, 14, 2, 13, 14, 655360, 17, 14, 1441797, 20, 14, 0, 21, 14, 655362, 23, 14, 2, 24, 14, 1048576, 29, 14, 1441792, 30, 14, 655360, 41, 14, 1441794, 44, 14, 1441797, 49, 14, 1441797, 0, 15, 1441797, 7, 15, 1048578, 13, 15, 1441797, 16, 15, 2, 17, 15, 4, 18, 15, 655362, 29, 15, 0, 30, 15, 1048576, 36, 15, 2, 37, 15, 5, 38, 15, 5, 39, 15, 5, 40, 15, 5, 41, 15, 4, 42, 15, 655362, 44, 15, 1441797, 46, 15, 2, 47, 15, 5, 48, 15, 5, 49, 15, 1048580, 0, 16, 1441797, 11, 16, 2, 12, 16, 5, 13, 16, 1048576, 44, 16, 1441797, 49, 16, 1441797, 0, 17, 1441797, 3, 17, 1441794, 9, 17, 1441794, 21, 17, 2, 22, 17, 5, 23, 17, 5, 24, 17, 5, 25, 17, 5, 26, 17, 5, 27, 17, 655360, 40, 17, 6, 44, 17, 1441797, 49, 17, 1441797, 0, 18, 1441797, 2, 18, 2, 3, 18, 1048580, 5, 18, 1441794, 8, 18, 2, 9, 18, 1048576, 17, 18, 6, 27, 18, 1441797, 30, 18, 1441792, 31, 18, 655360, 34, 18, 1441792, 35, 18, 655360, 39, 18, 6, 44, 18, 1441796, 45, 18, 5, 46, 18, 5, 47, 18, 655362, 49, 18, 1441797, 0, 19, 1441797, 3, 19, 1441797, 5, 19, 0, 6, 19, 655362, 11, 19, 1441792, 12, 19, 655360, 15, 19, 1441792, 16, 19, 655360, 19, 19, 1441794, 21, 19, 1441792, 22, 19, 5, 23, 19, 5, 24, 19, 5, 25, 19, 655360, 27, 19, 1441797, 30, 19, 1441796, 31, 19, 1048580, 34, 19, 0, 35, 19, 1048576, 38, 19, 6, 44, 19, 1441797, 49, 19, 1441797, 0, 20, 1441796, 1, 20, 655362, 3, 20, 1441797, 9, 20, 1441794, 11, 20, 0, 12, 20, 1048576, 15, 20, 0, 16, 20, 1048576, 19, 20, 1441797, 21, 20, 1441797, 25, 20, 1441797, 27, 20, 1441797, 30, 20, 1441796, 31, 20, 1048580, 37, 20, 6, 44, 20, 1441797, 49, 20, 1441797, 0, 21, 1441797, 3, 21, 1441797, 5, 21, 1441794, 8, 21, 2, 9, 21, 1048576, 19, 21, 1441797, 21, 21, 1441797, 23, 21, 1441794, 25, 21, 1441797, 27, 21, 1441797, 30, 21, 1441796, 31, 21, 1048580, 44, 21, 1441797, 46, 21, 2, 47, 21, 5, 48, 21, 5, 49, 21, 1048580, 0, 22, 1441797, 2, 22, 2, 3, 22, 1048580, 5, 22, 0, 6, 22, 655362, 19, 22, 1441797, 21, 22, 1441797, 23, 22, 1048578, 25, 22, 1048578, 27, 22, 1441797, 30, 22, 1441796, 31, 22, 1048580, 39, 22, 6, 44, 22, 1441797, 49, 22, 1441797, 0, 23, 1441797, 3, 23, 1441797, 9, 23, 1441794, 13, 23, 1441792, 14, 23, 655360, 19, 23, 1441797, 21, 23, 1441797, 27, 23, 1441797, 30, 23, 1441796, 31, 23, 1048580, 40, 23, 6, 44, 23, 1048578, 49, 23, 1441797, 0, 24, 1441796, 1, 24, 655362, 3, 24, 1441797, 8, 24, 2, 9, 24, 1048576, 13, 24, 0, 14, 24, 1048576, 19, 24, 1441797, 21, 24, 0, 22, 24, 5, 23, 24, 5, 24, 24, 655362, 27, 24, 1441797, 30, 24, 0, 31, 24, 1048576, 41, 24, 1441794, 45, 24, 2, 46, 24, 5, 47, 24, 655362, 49, 24, 1441797, 0, 25, 1441797, 3, 25, 1441796, 4, 25, 655364, 5, 25, 655364, 6, 25, 655360, 19, 25, 1441797, 27, 25, 1441797, 34, 25, 2, 35, 25, 5, 36, 25, 5, 37, 25, 5, 38, 25, 5, 39, 25, 5, 40, 25, 5, 41, 25, 4, 42, 25, 655362, 49, 25, 1441797, 0, 26, 1441797, 2, 26, 2, 3, 26, 4, 4, 26, 4, 5, 26, 4, 6, 26, 4, 7, 26, 5, 8, 26, 655362, 19, 26, 0, 20, 26, 5, 21, 26, 5, 22, 26, 5, 23, 26, 5, 24, 26, 5, 25, 26, 5, 26, 26, 5, 27, 26, 1048576, 49, 26, 1441797, 0, 27, 1441797, 12, 27, 1441794, 15, 27, 6, 40, 27, 6, 45, 27, 1441794, 47, 27, 1441794, 49, 27, 1441797, 0, 28, 1441796, 1, 28, 5, 2, 28, 655360, 12, 28, 1441797, 14, 28, 6, 18, 28, 1441792, 19, 28, 655360, 22, 28, 1441792, 23, 28, 5, 24, 28, 655364, 25, 28, 5, 26, 28, 655360, 30, 28, 6, 33, 28, 2, 34, 28, 655362, 39, 28, 6, 45, 28, 1441797, 47, 28, 1441797, 49, 28, 1441797, 0, 29, 1441797, 2, 29, 0, 3, 29, 655360, 6, 29, 2, 7, 29, 5, 8, 29, 655360, 12, 29, 1048578, 15, 29, 1441794, 18, 29, 0, 19, 29, 1048576, 22, 29, 1441797, 24, 29, 1441797, 26, 29, 1441797, 29, 29, 6, 38, 29, 6, 45, 29, 1441797, 47, 29, 1441797, 49, 29, 1441797, 0, 30, 1441797, 3, 30, 1441797, 8, 30, 1441797, 14, 30, 2, 15, 30, 1048576, 22, 30, 1048578, 24, 30, 1048578, 26, 30, 1048578, 30, 30, 6, 37, 30, 6, 43, 30, 2, 44, 30, 5, 45, 30, 1048576, 47, 30, 1441797, 49, 30, 1441797, 0, 31, 1441797, 3, 31, 1441797, 6, 31, 2, 7, 31, 5, 8, 31, 1048576, 31, 31, 6, 47, 31, 1441797, 49, 31, 1441797, 0, 32, 1441797, 2, 32, 2, 3, 32, 1048576, 13, 32, 1441794, 18, 32, 1441792, 19, 32, 655360, 22, 32, 1441794, 24, 32, 1441794, 26, 32, 1441794, 32, 32, 6, 34, 32, 1441792, 35, 32, 655364, 36, 32, 655364, 37, 32, 655360, 47, 32, 1048578, 49, 32, 1441797, 0, 33, 1441797, 13, 33, 0, 14, 33, 655362, 17, 33, 1441792, 18, 33, 1, 19, 33, 1048576, 22, 33, 1441797, 24, 33, 1441797, 26, 33, 1441797, 34, 33, 0, 35, 33, 4, 36, 33, 4, 37, 33, 1048576, 42, 33, 2, 43, 33, 5, 44, 33, 5, 45, 33, 655360, 49, 33, 1441797, 0, 34, 1441797, 3, 34, 2, 4, 34, 655362, 6, 34, 2, 7, 34, 5, 8, 34, 5, 9, 34, 5, 10, 34, 655362, 16, 34, 1441792, 17, 34, 1, 18, 34, 1048576, 22, 34, 0, 23, 34, 5, 24, 34, 4, 25, 34, 5, 26, 34, 1048576, 40, 34, 1441794, 45, 34, 1441797, 47, 34, 1441794, 49, 34, 1441797, 0, 35, 1441796, 1, 35, 5, 2, 35, 655362, 11, 35, 6, 16, 35, 0, 17, 35, 1048576, 28, 35, 6, 40, 35, 1441797, 45, 35, 1441797, 47, 35, 1441797, 49, 35, 1441797, 0, 36, 1441797, 3, 36, 2, 4, 36, 5, 5, 36, 5, 6, 36, 5, 7, 36, 655362, 9, 36, 2, 10, 36, 655362, 23, 36, 6, 29, 36, 6, 32, 36, 1441792, 33, 36, 655364, 34, 36, 655364, 35, 36, 655360, 40, 36, 0, 41, 36, 5, 42, 36, 655360, 45, 36, 1441797, 47, 36, 1048578, 49, 36, 1441797, 0, 37, 1441797, 12, 37, 1441792, 13, 37, 655360, 21, 37, 1441794, 25, 37, 1441794, 28, 37, 6, 32, 37, 0, 33, 37, 4, 34, 37, 4, 35, 37, 1048576, 42, 37, 0, 43, 37, 5, 44, 37, 5, 45, 37, 1048576, 49, 37, 1441797, 0, 38, 1441797, 2, 38, 1441794, 6, 38, 1441794, 12, 38, 0, 13, 38, 1048576, 21, 38, 1441797, 25, 38, 1441797, 29, 38, 6, 49, 38, 1441797, 0, 39, 1441797, 2, 39, 0, 3, 39, 5, 4, 39, 655364, 5, 39, 5, 6, 39, 1048576, 21, 39, 1048578, 25, 39, 1048578, 28, 39, 6, 49, 39, 1441797, 0, 40, 1441797, 4, 40, 1441797, 13, 40, 1441792, 14, 40, 655360, 18, 40, 1441794, 22, 40, 2, 23, 40, 5, 24, 40, 655362, 29, 40, 6, 31, 40, 6, 33, 40, 6, 35, 40, 6, 37, 40, 6, 41, 40, 2, 42, 40, 5, 43, 40, 655364, 44, 40, 655364, 45, 40, 5, 46, 40, 655364, 47, 40, 655364, 48, 40, 5, 49, 40, 1048580, 0, 41, 1441797, 4, 41, 1441797, 7, 41, 1441792, 8, 41, 655360, 13, 41, 1441796, 14, 41, 1048580, 17, 41, 1441792, 18, 41, 1048576, 30, 41, 6, 32, 41, 6, 34, 41, 6, 36, 41, 6, 43, 41, 1441796, 44, 41, 1048580, 46, 41, 1441796, 47, 41, 1048580, 49, 41, 1441797, 0, 42, 1441797, 4, 42, 1441797, 7, 42, 0, 8, 42, 1048576, 11, 42, 1441794, 13, 42, 1441796, 14, 42, 1048580, 16, 42, 2, 17, 42, 1048576, 41, 42, 1441794, 43, 42, 0, 44, 42, 1048576, 46, 42, 0, 47, 42, 1048576, 49, 42, 1441797, 0, 43, 1441797, 4, 43, 1441797, 10, 43, 1441792, 11, 43, 1048580, 13, 43, 1441796, 14, 43, 1048580, 19, 43, 1441792, 20, 43, 655360, 25, 43, 1441792, 26, 43, 655360, 36, 43, 1441792, 37, 43, 655360, 40, 43, 1441792, 41, 43, 1048580, 49, 43, 1441797, 0, 44, 1441797, 2, 44, 1441792, 3, 44, 5, 4, 44, 4, 5, 44, 5, 6, 44, 5, 7, 44, 655362, 10, 44, 1441796, 11, 44, 1048580, 13, 44, 0, 14, 44, 1048576, 19, 44, 0, 20, 44, 1048576, 25, 44, 0, 26, 44, 1048576, 36, 44, 0, 37, 44, 1, 38, 44, 655360, 40, 44, 0, 41, 44, 1048576, 46, 44, 1441792, 47, 44, 655360, 49, 44, 1441797, 0, 45, 1441797, 2, 45, 1441797, 10, 45, 1441796, 11, 45, 1048580, 16, 45, 1441794, 22, 45, 1441792, 23, 45, 655360, 29, 45, 1441792, 30, 45, 5, 31, 45, 5, 32, 45, 5, 33, 45, 655360, 37, 45, 0, 38, 45, 1048576, 43, 45, 1441792, 44, 45, 655360, 46, 45, 0, 47, 45, 1048576, 49, 45, 1441797, 0, 46, 1441797, 2, 46, 1441797, 7, 46, 1441794, 10, 46, 1441796, 11, 46, 1048580, 16, 46, 1441797, 18, 46, 1441794, 22, 46, 0, 23, 46, 1048576, 26, 46, 1441794, 29, 46, 1441797, 33, 46, 1441797, 43, 46, 0, 44, 46, 1048576, 49, 46, 1441797, 0, 47, 1441797, 2, 47, 0, 3, 47, 5, 4, 47, 5, 5, 47, 5, 6, 47, 5, 7, 47, 1048576, 10, 47, 1441796, 11, 47, 1048580, 16, 47, 1441796, 17, 47, 655364, 18, 47, 1048576, 26, 47, 1441797, 29, 47, 1441797, 33, 47, 1048578, 37, 47, 1441792, 38, 47, 655360, 46, 47, 1441792, 47, 47, 655360, 49, 47, 1441797, 0, 48, 1441797, 10, 48, 1441796, 11, 48, 1048580, 16, 48, 1441796, 17, 48, 1048580, 26, 48, 1441797, 29, 48, 1441797, 37, 48, 1441796, 38, 48, 1048580, 41, 48, 1441794, 46, 48, 1441796, 47, 48, 1048580, 49, 48, 1441797, 0, 49, 0, 1, 49, 5, 2, 49, 5, 3, 49, 5, 4, 49, 5, 5, 49, 5, 6, 49, 5, 7, 49, 5, 8, 49, 5, 9, 49, 5, 10, 49, 4, 11, 49, 4, 12, 49, 5, 13, 49, 5, 14, 49, 5, 15, 49, 5, 16, 49, 4, 17, 49, 4, 18, 49, 5, 19, 49, 5, 20, 49, 5, 21, 49, 5, 22, 49, 5, 23, 49, 5, 24, 49, 5, 25, 49, 5, 26, 49, 4, 27, 49, 5, 28, 49, 5, 29, 49, 4, 30, 49, 5, 31, 49, 5, 32, 49, 5, 33, 49, 5, 34, 49, 5, 35, 49, 5, 36, 49, 5, 37, 49, 4, 38, 49, 4, 39, 49, 5, 40, 49, 5, 41, 49, 4, 42, 49, 5, 43, 49, 5, 44, 49, 5, 45, 49, 5, 46, 49, 4, 47, 49, 4, 48, 49, 5, 49, 49, 1048576)
}

[node name="SunLight" type="DirectionalLight3D" parent="." unique_id=-1138053934]
transform = Transform3D(0.52991927, 0.20516141, -0.82285744, 0, 0.9702957, 0.2419219, 0.8480481, -0.12819907, 0.5141784, 0, 0, 0)
light_color = Color(0.7908613, 0.71225697, 0.25006345, 1)
light_energy = 2.161
shadow_enabled = true
shadow_opacity = 0.56
directional_shadow_blend_splits = true

[node name="WorldEnvironment" type="WorldEnvironment" parent="." unique_id=1186909126]
environment = SubResource("Environment_level5")

[node name="Camera3D" type="Camera3D" parent="." unique_id=1409909349]
transform = Transform3D(1, 0, 0, 0, 0.7331114, 0.68010825, 0, -0.68010825, 0.7331114, 0, 5.2, 5.6)
current = true
fov = 42.0
script = ExtResource("9_7eg3p")
kill_boundary_path = NodePath("../KillBoundary3D")
camera_profile = ExtResource("10_camera_profile")
camera_offset = Vector3(0, 9, 12)
view_elevation_degrees = 28.0
zoom_distance = 15.0
field_of_view = 42.0
metadata/_edit_lock_ = true

[node name="ChurchSmall" type="MeshInstance3D" parent="." unique_id=1791504597]
transform = Transform3D(1, 0, 0, 0, 1, 0, 0, 0, 1, 0.4601972, 0.63985896, 10.523843)
mesh = ExtResource("21_tys11")
surface_material_override/0 = ExtResource("22_xj8vh")

[node name="level-crypt1" parent="." unique_id=765507669 instance=ExtResource("23_xj8vh")]
transform = Transform3D(0.58184737, 0, -0.813298, 0, 1, 0, 0.813298, 0, 0.58184737, -11.974647, -0.6455971, 20.691889)

[node name="level-crypt2" parent="." unique_id=2036969775 instance=ExtResource("23_xj8vh")]
transform = Transform3D(0.9122238, 0, -0.4096923, 0, 1, 0, 0.4096923, 0, 0.9122238, -7.4800577, -0.10824525, 27.03977)

[node name="level-crypt3" parent="." unique_id=1342088646 instance=ExtResource("23_xj8vh")]
transform = Transform3D(0.91565067, 0, 0.40197483, 0, 1, 0, -0.40197483, 0, 0.91565067, 2.8283615, 0.66221154, 23.067215)

[node name="level-crypt4" parent="." unique_id=59432881 instance=ExtResource("23_xj8vh")]
transform = Transform3D(0.6918521, 0, 0.72203916, 0, 1, 0, -0.72203916, 0, 0.6918521, 12.188087, 1.1445037, 22.405521)

[node name="level-crypt5" parent="." unique_id=1297244242 instance=ExtResource("23_xj8vh")]
transform = Transform3D(0.15514085, 0, 0.98789227, 0, 1, 0, -0.98789227, 0, 0.15514085, 10.870488, -0.65556896, 13.2217)

[node name="level-crypt6" parent="." unique_id=565085943 instance=ExtResource("23_xj8vh")]
transform = Transform3D(-0.15231815, 0, 0.9883314, 0, 1, 0, -0.9883314, 0, -0.15231815, 17.893204, -0.05921352, 6.307749)

[node name="level-crypt7" parent="." unique_id=1868675862 instance=ExtResource("23_xj8vh")]
transform = Transform3D(-0.7036655, 0, 0.7105314, 0, 1, 0, -0.7105314, 0, -0.7036655, 12.906914, 0.10630238, -2.14285)

[node name="level-crypt8" parent="." unique_id=31545856 instance=ExtResource("23_xj8vh")]
transform = Transform3D(-0.95326936, 0, 0.30212185, 0, 1, 0, -0.30212185, 0, -0.95326936, 2.0229645, -1.0970434, -5.86166)

[node name="level-crypt9" parent="." unique_id=243268209 instance=ExtResource("23_xj8vh")]
transform = Transform3D(-0.79331565, 0, -0.6088105, 0, 1, 0, 0.6088105, 0, -0.79331565, -7.5568266, 1.0350567, -2.1033888)

[node name="level-crypt10" parent="." unique_id=1135026135 instance=ExtResource("23_xj8vh")]
transform = Transform3D(-0.26660958, 0, -0.9638046, 0, 1, 0, 0.9638046, 0, -0.26660958, -15.860413, 0.34149325, 2.02559)
