[gd_scene format=3 uid="uid://bpewmtap4wln7"]

[ext_resource type="PackedScene" uid="uid://cngmg0c3jg3x2" path="res://Assets/kenney-graveyard/coffin.glb" id="1_coffin"]
[ext_resource type="PackedScene" uid="uid://pqtcng2uw3dw" path="res://player/player.tscn" id="2_player"]
[ext_resource type="PackedScene" path="res://collectibles/gold_coin_pile.tscn" id="3_coinpile"]
[ext_resource type="PackedScene" path="res://levels/common/flame_boundary.tscn" id="4_flame"]
[ext_resource type="Script" uid="uid://dc2737kbeal34" path="res://levels/common/coin_deposit.gd" id="6_deposit"]
[ext_resource type="PackedScene" path="res://collectibles/health_flask.tscn" id="7_rihgm"]
[ext_resource type="MeshLibrary" uid="uid://c26i1gkgrxvs7" path="res://Assets/environment/graveyard.res" id="8_h616y"]
[ext_resource type="PackedScene" path="res://enemies/zombie.tscn" id="9_zombie"]

[sub_resource type="Curve3D" id="Curve3D_h616y"]
resource_local_to_scene = true
_data = {
"points": PackedVector3Array(0, 0, 0, 0, 0, 0, -5.5478525, -0.61502314, 3.3527384, 0, 0, 0, 0, 0, 0, -1.5608768, 0, 4.4078684),
"tilts": PackedFloat32Array(0, 0)
}
point_count = 2

[sub_resource type="Curve3D" id="Curve3D_krp6k"]
resource_local_to_scene = true
closed = true
_data = {
"points": PackedVector3Array(0, 0, 0, 0, 0, 0, -19.722982, 0, -21.77174, -1.8176594, 0, -1.4644976, 1.8176594, 0, 1.4644976, -17.927063, 0, -17.282557, -1.4606743, 0, 0.06282425, 1.4606743, 0, -0.06282425, -7.56524, 0, -21.770702, -0.8010168, 0, -0.7067795, 0.8010168, 0, 0.7067795, -6.764223, 0, -19.242008, -0.3769493, 0, -1.2407894, 0.3769493, 0, 1.2407894, -2.4764347, 0, -19.948786, 0.4942131, 0, -2.6454668, -0.4942131, 0, 2.6454668, -8.386793, 0, -14.22895, -0.40699577, 0, -2.441967, 0.40699577, 0, 2.441967, -2.3350773, 0, -7.211069, 1.5989094, 0, 1.3372669, -1.5989094, 0, -1.3372669, -8.824327, 0, -5.095955, -4.511731, 0, 0.026682854, 4.511731, 0, -0.026682854, -11.743083, 0, -12.127105, 1.3954105, 0, -0.95934486, -1.3954105, 0, 0.95934486, -14.0280485, 0, -5.037813, 0.75584793, 0, 1.6861191, -0.75584793, 0, -1.6861191, -19.406193, 0, -7.2762833, 1.2500553, 0, 1.2209835, -1.2500553, 0, -1.2209835, -17.661928, 0, -13.991698, 0.46513748, 0, 0.9884167, -0.46513748, 0, -0.9884167, -18.039854, 0, -20.91061),
"tilts": PackedFloat32Array(0, 0, 0, 0, 0, 0, 0, 0, 0, 0, 0, 0, 0)
}
point_count = 13

[sub_resource type="Animation" id="Animation_13h2c"]
resource_local_to_scene = true
resource_name = "flame_boundary"
length = 475.27316
loop_mode = 1
tracks/0/type = "value"
tracks/0/imported = false
tracks/0/enabled = true
tracks/0/path = NodePath(".:movement_speed")
tracks/0/interp = 1
tracks/0/loop_wrap = false
tracks/0/keys = {
"times": PackedFloat32Array(0),
"transitions": PackedFloat32Array(1),
"update": 0,
"values": [1.0]
}
tracks/1/type = "scale_3d"
tracks/1/imported = false
tracks/1/enabled = true
tracks/1/path = NodePath("BoundaryCenter")
tracks/1/interp = 1
tracks/1/loop_wrap = true
tracks/1/keys = PackedFloat32Array(0, 1, 1, 1, 1, 10, 1, 1.75, 1, 1.5, 20, 1, 0.625, 1, 0.875, 30, 1, 1, 1, 1)
tracks/2/type = "value"
tracks/2/imported = false
tracks/2/enabled = true
tracks/2/path = NodePath(".:shape_morph")
tracks/2/interp = 1
tracks/2/loop_wrap = true
tracks/2/keys = {
"times": PackedFloat32Array(0, 5, 10, 15, 20, 30),
"transitions": PackedFloat32Array(1, 1, 1, 1, 1, 1),
"update": 0,
"values": [0.0, 0.0, 1.0, 1.0, 0.0, 0.0]
}

[sub_resource type="AnimationLibrary" id="AnimationLibrary_a5y6d"]
_data = {
&"flame_boundary": SubResource("Animation_13h2c")
}

[node name="Level1" type="Node3D" unique_id=753330713]

[node name="LevelLayout" type="Node3D" parent="." unique_id=863965489]
transform = Transform3D(0.80160874, 0, -0.597849, 0, 1, 0, 0.597849, 0, 0.80160874, 0.078243256, 0, 0.33029175)

[node name="Coffin" parent="LevelLayout" unique_id=1894824003 instance=ExtResource("1_coffin")]
transform = Transform3D(-0.6111679, 0, 0.791501, 0, 1, 0, -0.791501, 0, -0.6111679, 13.119166, -5.9604645e-08, 1.7132521)

[node name="CoinDeposit" type="Node3D" parent="LevelLayout/Coffin" unique_id=894045105]
transform = Transform3D(1, 0, 0, 0, 1, 0, 0, 0, 1, 0, 0.42, 0)
script = ExtResource("6_deposit")
metadata/_edit_lock_ = true

[node name="Coffin2" parent="LevelLayout" unique_id=973520463 instance=ExtResource("1_coffin")]
transform = Transform3D(0.78858, 0, 0.61493236, 0, 1, 0, -0.61493236, 0, 0.78858, 15.667377, -5.9604645e-08, -9.854343)

[node name="CoinDeposit" type="Node3D" parent="LevelLayout/Coffin2" unique_id=35989831]
transform = Transform3D(1, 0, 0, 0, 1, 0, 0, 0, 1, 0, 0.42, 0)
script = ExtResource("6_deposit")
metadata/_edit_lock_ = true

[node name="Coffin3" parent="LevelLayout" unique_id=2088691337 instance=ExtResource("1_coffin")]
transform = Transform3D(-0.61673373, 0, 0.78717196, 0, 1, 0, -0.78717196, 0, -0.61673373, 20.108902, -5.9604645e-08, 6.2130466)

[node name="CoinDeposit" type="Node3D" parent="LevelLayout/Coffin3" unique_id=1106885509]
transform = Transform3D(1, 0, 0, 0, 1, 0, 0, 0, 1, 0, 0.42, 0)
script = ExtResource("6_deposit")
metadata/_edit_lock_ = true

[node name="Coffin4" parent="LevelLayout" unique_id=1254563237 instance=ExtResource("1_coffin")]
transform = Transform3D(0.78858, 0, 0.61493236, 0, 1, 0, -0.61493236, 0, 0.78858, 14.29223, -5.9604645e-08, 8.311524)

[node name="CoinDeposit" type="Node3D" parent="LevelLayout/Coffin4" unique_id=339453596]
transform = Transform3D(1, 0, 0, 0, 1, 0, 0, 0, 1, 0, 0.42, 0)
script = ExtResource("6_deposit")
metadata/_edit_lock_ = true

[node name="Coffin5" parent="LevelLayout" unique_id=1205180236 instance=ExtResource("1_coffin")]
transform = Transform3D(0.78858, 0, 0.61493236, 0, 1, 0, -0.61493236, 0, 0.78858, 6.593126, -5.9604645e-08, -3.5437376)

[node name="CoinDeposit" type="Node3D" parent="LevelLayout/Coffin5" unique_id=1411561944]
transform = Transform3D(1, 0, 0, 0, 1, 0, 0, 0, 1, 0, 0.42, 0)
script = ExtResource("6_deposit")
metadata/_edit_lock_ = true

[node name="Coffin6" parent="LevelLayout" unique_id=901136980 instance=ExtResource("1_coffin")]
transform = Transform3D(-0.59783506, 0, 0.8016193, 0, 1, 0, -0.8016193, 0, -0.59783506, 5.7557106, -5.9604645e-08, 5.366768)

[node name="CoinDeposit" type="Node3D" parent="LevelLayout/Coffin6" unique_id=894547192]
transform = Transform3D(1, 0, 0, 0, 1, 0, 0, 0, 1, 0, 0.42, 0)
script = ExtResource("6_deposit")
metadata/_edit_lock_ = true

[node name="HealthPotion" parent="LevelLayout" unique_id=921123679 instance=ExtResource("7_rihgm")]
transform = Transform3D(0.80160874, 0, 0.597849, 0, 1, 0, -0.597849, 0, 0.80160874, 12.177471, 0, -8.0425625)

[node name="HealthPotion2" parent="LevelLayout" unique_id=913249563 instance=ExtResource("7_rihgm")]
transform = Transform3D(0.80160874, 0, 0.597849, 0, 1, 0, -0.597849, 0, 0.80160874, 19.13573, 0, -3.7101474)

[node name="HealthPotion3" parent="LevelLayout" unique_id=752436914 instance=ExtResource("7_rihgm")]
transform = Transform3D(0.80160874, 0, 0.597849, 0, 1, 0, -0.597849, 0, 0.80160874, 11.8513775, 0, 8.521909)

[node name="HealthPotion4" parent="LevelLayout" unique_id=1039384072 instance=ExtResource("7_rihgm")]
transform = Transform3D(0.80160874, 0, 0.597849, 0, 1, 0, -0.597849, 0, 0.80160874, 6.696965, 0, 0.047987416)

[node name="HealthPotion5" parent="LevelLayout" unique_id=329541679 instance=ExtResource("7_rihgm")]
transform = Transform3D(0.80160874, 0, 0.597849, 0, 1, 0, -0.597849, 0, 0.80160874, 23.518272, 0, 2.7458754)

[node name="GoldCoinPile" parent="LevelLayout" unique_id=1305244581 instance=ExtResource("3_coinpile")]
transform = Transform3D(0.80160874, 0, 0.597849, 0, 1, 0, -0.597849, 0, 0.80160874, 5.272925, 0, 2.6155994)
coin_count = 10
pile_radius = 1.0
random_seed = 1

[node name="GoldCoinPile2" parent="LevelLayout" unique_id=644783439 instance=ExtResource("3_coinpile")]
transform = Transform3D(0.80160874, 0, 0.597849, 0, 1, 0, -0.597849, 0, 0.80160874, 8.425863, 0, 1.7727902)
coin_count = 10
pile_radius = 1.0
trigger_time = 5.0
random_seed = 2

[node name="GoldCoinPile3" parent="LevelLayout" unique_id=1432348188 instance=ExtResource("3_coinpile")]
transform = Transform3D(0.80160874, 0, 0.597849, 0, 1, 0, -0.597849, 0, 0.80160874, 5.7763853, 0, -2.3839197)
coin_count = 10
pile_radius = 1.0
trigger_time = 8.0
random_seed = 3

[node name="GoldCoinPile4" parent="LevelLayout" unique_id=865127613 instance=ExtResource("3_coinpile")]
transform = Transform3D(0.80160874, 0, 0.597849, 0, 1, 0, -0.597849, 0, 0.80160874, 9.199665, 0, -4.4667997)
coin_count = 10
pile_radius = 1.0
trigger_time = 12.0
random_seed = 4

[node name="GoldCoinPile5" parent="LevelLayout" unique_id=881636225 instance=ExtResource("3_coinpile")]
transform = Transform3D(0.80160874, 0, 0.597849, 0, 1, 0, -0.597849, 0, 0.80160874, 13.221897, 0, -1.4906545)
coin_count = 10
pile_radius = 1.0
random_seed = 5

[node name="GoldCoinPile6" parent="LevelLayout" unique_id=2134328773 instance=ExtResource("3_coinpile")]
transform = Transform3D(0.80160874, 0, 0.597849, 0, 1, 0, -0.597849, 0, 0.80160874, 11.819277, 0, -6.734032)
coin_count = 10
pile_radius = 1.0
trigger_time = 15.0
random_seed = 6

[node name="GoldCoinPile7" parent="LevelLayout" unique_id=258647245 instance=ExtResource("3_coinpile")]
transform = Transform3D(0.80160874, 0, 0.597849, 0, 1, 0, -0.597849, 0, 0.80160874, 17.127789, 0, -6.6569495)
coin_count = 10
pile_radius = 1.0
random_seed = 7

[node name="GoldCoinPile8" parent="LevelLayout" unique_id=1389538194 instance=ExtResource("3_coinpile")]
transform = Transform3D(0.80160874, 0, 0.597849, 0, 1, 0, -0.597849, 0, 0.80160874, 17.682785, 0, -1.6043239)
coin_count = 10
pile_radius = 1.0
random_seed = 8

[node name="GoldCoinPile9" parent="LevelLayout" unique_id=153726824 instance=ExtResource("3_coinpile")]
transform = Transform3D(0.80160874, 0, 0.597849, 0, 1, 0, -0.597849, 0, 0.80160874, 15.29535, 0, 0.7640514)
coin_count = 10
pile_radius = 1.0
random_seed = 9

[node name="GoldCoinPile10" parent="LevelLayout" unique_id=1518380605 instance=ExtResource("3_coinpile")]
transform = Transform3D(0.80160874, 0, 0.597849, 0, 1, 0, -0.597849, 0, 0.80160874, 23.059452, 0, 1.1649971)
coin_count = 10
pile_radius = 1.0
trigger_time = 20.0
random_seed = 10

[node name="GoldCoinPile11" parent="LevelLayout" unique_id=907101760 instance=ExtResource("3_coinpile")]
transform = Transform3D(0.80160874, 0, 0.597849, 0, 1, 0, -0.597849, 0, 0.80160874, 18.29043, 0, 8.405342)
coin_count = 10
pile_radius = 1.0
trigger_time = 25.0
random_seed = 11

[node name="GoldCoinPile12" parent="LevelLayout" unique_id=1689375130 instance=ExtResource("3_coinpile")]
transform = Transform3D(0.80160874, 0, 0.597849, 0, 1, 0, -0.597849, 0, 0.80160874, 16.072603, 0, 2.5943532)
coin_count = 10
pile_radius = 1.0
trigger_time = 30.0
random_seed = 12

[node name="GoldCoinPile13" parent="LevelLayout" unique_id=1424934867 instance=ExtResource("3_coinpile")]
transform = Transform3D(0.80160874, 0, 0.597849, 0, 1, 0, -0.597849, 0, 0.80160874, 12.034517, 0, 4.3520284)
coin_count = 10
pile_radius = 1.0
trigger_time = 35.0
random_seed = 13

[node name="GoldCoinPile14" parent="LevelLayout" unique_id=2037532441 instance=ExtResource("3_coinpile")]
transform = Transform3D(0.80160874, 0, 0.597849, 0, 1, 0, -0.597849, 0, 0.80160874, 15.445036, 0, 10.52747)
coin_count = 10
pile_radius = 1.0
trigger_time = 37.0
random_seed = 14

[node name="GoldCoinPile15" parent="LevelLayout" unique_id=786100175 instance=ExtResource("3_coinpile")]
transform = Transform3D(0.80160874, 0, 0.597849, 0, 1, 0, -0.597849, 0, 0.80160874, 10.715289, 0, 11.331491)
coin_count = 10
pile_radius = 1.0
trigger_time = 45.0
random_seed = 15

[node name="GoldCoinPile16" parent="LevelLayout" unique_id=461327822 instance=ExtResource("3_coinpile")]
transform = Transform3D(0.80160874, 0, 0.597849, 0, 1, 0, -0.597849, 0, 0.80160874, 7.9979753, 0, 7.871956)
coin_count = 10
pile_radius = 1.0
trigger_time = 50.0
random_seed = 16

[node name="GoldCoinPile17" parent="LevelLayout" unique_id=857606811 instance=ExtResource("3_coinpile")]
transform = Transform3D(0.80160874, 0, 0.597849, 0, 1, 0, -0.597849, 0, 0.80160874, 17.581188, 0, 4.6433606)
coin_count = 10
pile_radius = 1.0
trigger_time = 63.0
random_seed = 18

[node name="StartZombie" parent="." unique_id=1332419429 instance=ExtResource("9_zombie")]
transform = Transform3D(1, 0, 0, 0, 1, 0, 0, 0, 1, 7.0354786, -0.015777588, 2.3562365)
curve = SubResource("Curve3D_h616y")
shuffle_speed = 0.55
loop_patrol = false

[node name="PathFollow3D" parent="StartZombie" index="0"]
transform = Transform3D(1, 0, 0, 0, 1, 0, 0, 0, 1, -5.5478525, -0.61502314, 3.3527384)

[node name="ZombieLight" parent="StartZombie/PathFollow3D/DropPivot/Pivot" index="1"]
visible = false

[node name="Player" parent="." unique_id=244343110 instance=ExtResource("2_player")]
transform = Transform3D(1, 0, 0, 0, 1, 0, 0, 0, 1, 2, 12, 2)

[node name="GridMap" type="GridMap" parent="." unique_id=1485384264]
mesh_library = ExtResource("8_h616y")
cell_size = Vector3(1, 1, 1)
cell_center_y = false
data = {
"cells": PackedInt32Array(0, 0, 2, 1, 0, 655365, 2, 0, 655365, 3, 0, 655365, 4, 0, 5, 0, 2, 1441794, 0, 3, 1441797, 0, 4, 1441797, 0, 5, 1441797, 0, 6, 1441797, 0, 7, 1441797, 0, 8, 1441797, 0, 9, 1441797, 0, 10, 1441797, 0, 11, 1441797, 0, 12, 1441797, 0, 13, 1441797, 0, 14, 1441797, 0, 15, 1441797, 0, 16, 1441797, 0, 17, 1441797, 0, 18, 1441796, 0, 19, 0, 5, 0, 5, 6, 0, 5, 7, 0, 5, 8, 0, 655364, 9, 0, 5, 10, 0, 5, 11, 0, 655364, 12, 0, 5, 13, 0, 5, 14, 0, 5, 15, 0, 5, 16, 0, 5, 17, 0, 5, 18, 0, 5, 19, 0, 655360, 19, 1, 1048581, 19, 2, 1048581, 19, 3, 1048581, 19, 4, 1048581, 19, 5, 1048581, 19, 6, 1048581, 19, 7, 1048581, 19, 8, 1048581, 19, 9, 1048581, 19, 10, 1048581, 19, 11, 1048581, 19, 12, 1048581, 19, 13, 1048581, 19, 14, 1048581, 19, 15, 1048581, 19, 16, 1048581, 19, 17, 1048581, 19, 18, 1048581, 19, 19, 1048576, 18, 19, 5, 17, 19, 5, 16, 19, 5, 15, 19, 5, 14, 19, 5, 13, 19, 5, 12, 19, 5, 11, 19, 5, 10, 19, 5, 9, 19, 5, 8, 19, 5, 7, 19, 5, 6, 19, 5, 5, 19, 5, 4, 19, 5, 3, 19, 5, 2, 19, 5, 1, 19, 4, 1, 18, 655360, 3, 17, 2, 4, 17, 655362, 3, 15, 1048578, 3, 14, 1048581, 3, 13, 1441792, 4, 13, 655365, 5, 13, 655360, 5, 14, 0, 6, 14, 5, 7, 14, 655360, 7, 15, 1048581, 7, 16, 1048581, 7, 17, 1048578, 17, 17, 655362, 16, 17, 0, 16, 16, 1441797, 16, 15, 1441797, 16, 14, 1441794, 13, 17, 1048578, 11, 17, 1048578, 12, 16, 5, 11, 16, 1441792, 13, 16, 655360, 16, 11, 1048578, 16, 6, 1441794, 16, 7, 1441797, 16, 8, 1441797, 16, 9, 1441797, 16, 10, 1441797, 13, 9, 1441797, 13, 10, 1048578, 13, 8, 655360, 12, 8, 2, 10, 8, 655362, 10, 10, 655362, 9, 8, 655365, 9, 10, 655365, 8, 9, 1048581, 8, 10, 0, 8, 8, 1441792, 6, 9, 1048578, 4, 9, 1048578, 2, 9, 1048578, 2, 7, 1441794, 4, 7, 1441794, 6, 7, 1441794, 2, 8, 1441797, 4, 8, 1441797, 6, 8, 1441797, 4, 3, 1441793, 4, 4, 1441797, 3, 3, 655365, 5, 3, 655365, 4, 2, 1048581, 4, 1, 1441794, 6, 3, 655362, 4, 5, 1048578, 2, 3, 2, 8, 1, 1048581, 8, 2, 1048578, 8, 4, 1441794, 8, 5, 1048578, 11, 1, 1048581, 11, 2, 1048581, 11, 3, 1048581, 11, 4, 1048581, 11, 5, 1048578, 13, 3, 2, 15, 1, 1441794, 17, 3, 655362, 15, 5, 1048578, 15, 3, 1048577, 15, 4, 1048581, 15, 2, 1048581, 16, 3, 5, 14, 3, 5, 12, 13, 5, 13, 13, 5, 11, 13, 2, 14, 13, 655362, 9, 13, 655366, 7, 12, 655366, 5, 11, 655366, 3, 11, 655366, 13, 6, 655366, 9, 6, 1441794, 9, 7, 1048578)
}

[node name="FlameBoundary3D" parent="." unique_id=1881794757 instance=ExtResource("4_flame")]
transform = Transform3D(1.0000013, 0, 0, 0, 1, 0, 0, 0, 1.0000013, 21.266586, 0, 23.496054)
curve = SubResource("Curve3D_krp6k")
boundary_animation = SubResource("Animation_13h2c")
playback_duration = 475.27316

[node name="BoundaryCenter" parent="FlameBoundary3D" index="0"]
transform = Transform3D(1, 0, 0, 0, 1, 0, 0, 0, 1, -7.7143855, 0, -15.529614)
progress = 31.326347

[node name="BoundaryAnimationPlayer" parent="FlameBoundary3D" index="1"]
libraries/ = SubResource("AnimationLibrary_a5y6d")

[editable path="StartZombie"]
[editable path="FlameBoundary3D"]
