[gd_scene format=3 uid="uid://cmq1npx1re6sk"]

[ext_resource type="PackedScene" uid="uid://cngmg0c3jg3x2" path="res://Assets/kenney-graveyard/coffin.glb" id="1_coffin"]
[ext_resource type="PackedScene" uid="uid://pqtcng2uw3dw" path="res://player/player.tscn" id="2_player"]
[ext_resource type="PackedScene" path="res://collectibles/gold_coin_pile.tscn" id="3_coinpile"]
[ext_resource type="PackedScene" path="res://levels/common/kill_boundary.tscn" id="4_flame"]
[ext_resource type="Script" uid="uid://dc2737kbeal34" path="res://levels/common/coin_deposit.gd" id="6_deposit"]
[ext_resource type="MeshLibrary" uid="uid://c26i1gkgrxvs7" path="res://Assets/environment/graveyard.res" id="6_e2jp1"]
[ext_resource type="ArrayMesh" uid="uid://c424cj73i6but" path="res://Assets/environment/wall-solo.res" id="9_fn345"]
[ext_resource type="Shader" uid="uid://uwm825jn6lwl" path="res://Assets/environment/shaders/rock_texture.gdshader" id="10_6n7ac"]
[ext_resource type="PackedScene" path="res://levels/common/gd_indoor_lighting.tscn" id="100_indoor"]

[sub_resource type="Curve3D" id="Curve3D_3xhgt"]
resource_local_to_scene = true
_data = {
"points": PackedVector3Array(0, 0, 0, 0, 0, 0, -18.445782, 0, -19.87931, 0, 0, 0, 0, 0, 0, -14.925648, 0, -18.903809, 0, 0, 0, 0, 0, 0, -20.186985, 0, -14.781507, 0, 0, 0, 0, 0, 0, -18.890425, 0, -11.918795, 0, 0, 0, 0, 0, 0, -18.40918, 0, -9.011772, 0, 0, 0, 0, 0, 0, -16.58245, 0, -6.175517, 0, 0, 0, 0, 0, 0, -17.495754, 0, -4.000492, 0, 0, 0, 0, 0, 0, -20.004349, 0, -0.21078873, 0, 0, 0, 0, 0, 0, -18.164211, 0, 2.298658, 0, 0, 0, 0, 0, 0, -16.702156, 0, 3.0904937, 0, 0, 0, 0, 0, 0, -14.008546, 0, 1.5073256, 0, 0, 0, 0, 0, 0, -10.978762, 0, 2.2850318, 0, 0, 0, 0, 0, 0, -6.782787, 0, 2.9181552, 0, 0, 0, 0, 0, 0, -4.7504253, 0, 2.4757943, 0, 0, 0, 0, 0, 0, -0.96477985, 0, 2.453548, 0, 0, 0, 0, 0, 0, 1.2510338, 0, 3.7465892, 0, 0, 0, 0, 0, 0, 1.8949156, 0, 1.3520427, 0, 0, 0, 0, 0, 0, 1.5907669, 0, -2.051125, 0, 0, 0, 0, 0, 0, 4.7572165, 0, 0.88071966, 0, 0, 0, 0, 0, 0, 6.209138, 0, -3.4310975, 0, 0, 0, 0, 0, 0, 3.4725924, 0, -7.921921, 0, 0, 0, 0, 0, 0, 5.199334, 0, -11.556098, 0, 0, 0, 0, 0, 0, 1.4967041, 0, -14.579313, 0, 0, 0, 0, 0, 0, 3.5024672, 0, -18.61775, 0, 0, 0, 0, 0, 0, -1.5483322, 0, -20.488785, 0, 0, 0, 0, 0, 0, -9.895385, 0, -20.84062, 0, 0, 0, 0, 0, 0, -11.185323, 0, -15.009842, 0, 0, 0, 0, 0, 0, -12.198265, 0, -6.840667, 0, 0, 0, 0, 0, 0, -10.350559, 0, -2.6742625, 0, 0, 0, 0, 0, 0, -2.399201, 0, -2.6965852, 0, 0, 0, 0, 0, 0, -0.32050753, 0, -9.757769, 0, 0, 0, 0, 0, 0, -6.8335967, 0, -9.746569, 0, 0, 0, 0, 0, 0, -8.741132, 0, -8.130572, 0, 0, 0, 0, 0, 0, -6.829929, 0, -6.0243506, 0, 0, 0, 0, 0, 0, -5.23076, 0, -8.091568, 0, 0, 0, 0, 0, 0, -6.985175, 0, -10.917379, 0, 0, 0, 0, 0, 0, -9.517925, 0, -7.8885202, 0, 0, 0, 0, 0, 0, -6.358513, 0, -5.1468806, 0, 0, 0, 0, 0, 0, -4.400199, 0, -9.167952, 0, 0, 0, 0, 0, 0, -6.9590597, 0, -10.342939, 0, 0, 0, 0, 0, 0, -7.951277, 0, -8.358515, 0, 0, 0, 0, 0, 0, -5.3663, 0, -5.851872, 0, 0, 0, 0, 0, 0, -6.097401, 0, -8.9590645, 0, 0, 0, 0, 0, 0, -5.653516, 0, -10.107944),
"tilts": PackedFloat32Array(0, 0, 0, 0, 0, 0, 0, 0, 0, 0, 0, 0, 0, 0, 0, 0, 0, 0, 0, 0, 0, 0, 0, 0, 0, 0, 0, 0, 0, 0, 0, 0, 0, 0, 0, 0, 0, 0, 0, 0, 0, 0, 0, 0)
}
point_count = 44

[sub_resource type="Animation" id="Animation_veeoo"]
resource_local_to_scene = true
resource_name = "kill_boundary"
length = 475.27316
loop_mode = 1
tracks/0/type = "value"
tracks/0/imported = false
tracks/0/enabled = true
tracks/0/path = NodePath(".:movement_speed")
tracks/0/interp = 1
tracks/0/loop_wrap = false
tracks/0/keys = {
"times": PackedFloat32Array(0),
"transitions": PackedFloat32Array(1),
"update": 0,
"values": [2.0]
}
tracks/1/type = "value"
tracks/1/imported = false
tracks/1/enabled = true
tracks/1/path = NodePath(".:boundary_scale_x")
tracks/1/interp = 1
tracks/1/loop_wrap = true
tracks/1/keys = {
"times": PackedFloat32Array(0, 10, 20, 30),
"transitions": PackedFloat32Array(1, 1, 1, 1),
"update": 0,
"values": [1.0, 1.75, 0.625, 1.0]
}
tracks/2/type = "value"
tracks/2/imported = false
tracks/2/enabled = true
tracks/2/path = NodePath(".:boundary_scale_z")
tracks/2/interp = 1
tracks/2/loop_wrap = true
tracks/2/keys = {
"times": PackedFloat32Array(0, 10, 20, 30),
"transitions": PackedFloat32Array(1, 1, 1, 1),
"update": 0,
"values": [1.0, 1.5, 0.875, 1.0]
}
tracks/3/type = "value"
tracks/3/imported = false
tracks/3/enabled = true
tracks/3/path = NodePath(".:boundary_rotation_z_radians")
tracks/3/interp = 1
tracks/3/loop_wrap = true
tracks/3/keys = {
"times": PackedFloat32Array(0, 10, 20, 30),
"transitions": PackedFloat32Array(1, 1, 1, 1),
"update": 0,
"values": [0.0, 0.0, 0.0, 0.0]
}
tracks/4/type = "value"
tracks/4/imported = false
tracks/4/enabled = true
tracks/4/path = NodePath(".:shape_morph")
tracks/4/interp = 1
tracks/4/loop_wrap = true
tracks/4/keys = {
"times": PackedFloat32Array(0),
"transitions": PackedFloat32Array(1),
"update": 0,
"values": [1.0]
}

[sub_resource type="AnimationLibrary" id="AnimationLibrary_s5or4"]
_data = {
&"kill_boundary": SubResource("Animation_veeoo")
}

[sub_resource type="ShaderMaterial" id="ShaderMaterial_kvfjf"]
render_priority = 0
shader = ExtResource("10_6n7ac")
shader_parameter/rock_color_dark = Color(0.18, 0.15, 0.12, 1)
shader_parameter/rock_color_light = Color(0.55, 0.5, 0.44, 1)
shader_parameter/moss_color = Color(0.2, 0.28, 0.14, 1)
shader_parameter/moss_amount = 0.15
shader_parameter/roughness_base = 0.92
shader_parameter/metallic_value = 0.0
shader_parameter/normal_strength = 1.6
shader_parameter/noise_scale = 6.0
shader_parameter/detail_scale = 18.0
shader_parameter/octaves = 6

[node name="Level2" type="Node3D" unique_id=1192405132]

[node name="IndoorLighting" parent="." unique_id=743360249 instance=ExtResource("100_indoor")]

[node name="Player" parent="." unique_id=244343110 instance=ExtResource("2_player")]
transform = Transform3D(1, 0, 0, 0, 1, 0, 0, 0, 1, -12.084152, 12, -11.637171)

[node name="KillBoundary3D" parent="." unique_id=1881794757 instance=ExtResource("4_flame")]
transform = Transform3D(1.0000013, 0, 0, 0, 1, 0, 0, 0, 1.0000013, 7.4758077, 0, 7.7353163)
curve = SubResource("Curve3D_3xhgt")
boundary_animation = SubResource("Animation_veeoo")
playback_duration = 475.27316
movement_speed = 2.0
shape_morph = 1.0

[node name="BoundaryCenter" parent="KillBoundary3D" index="0"]
transform = Transform3D(1, 0, 0, 0, 1, 0, 0, 0, 1, -18.445782, 0, -19.87931)

[node name="BoundaryAnimationPlayer" parent="KillBoundary3D" index="1"]
libraries/ = SubResource("AnimationLibrary_s5or4")

[node name="GridMap" type="GridMap" parent="." unique_id=1808558701]
mesh_library = ExtResource("6_e2jp1")
cell_size = Vector3(1, 1, 1)
cell_center_y = false
data = {
"cells": PackedInt32Array(65529, 65529, 1441792, 65529, 6, 0, 6, 6, 1048576, 6, 65529, 655360, 5, 65529, 655365, 4, 65529, 655365, 3, 65529, 655365, 2, 65529, 655365, 13, 65522, 655360, 13, 13, 1048576, 65522, 13, 0, 65522, 65522, 1441792, 65523, 65522, 655365, 65524, 65522, 655365, 2, 65522, 655365, 3, 65522, 655365, 4, 65522, 655365, 5, 65522, 655365, 6, 65522, 655365, 9, 65522, 655365, 10, 65522, 655365, 11, 65522, 655365, 12, 65522, 655365, 8, 65522, 655365, 7, 65522, 655365, 1, 65522, 655365, 0, 65522, 655365, 65535, 65522, 655365, 65534, 65522, 655365, 65533, 65522, 655365, 65526, 65522, 655365, 65525, 65522, 655365, 65527, 65522, 655365, 65530, 65522, 655365, 65531, 65522, 655365, 65532, 65522, 655365, 65529, 65522, 655365, 65528, 65522, 655365, 65522, 65523, 1048581, 65522, 65524, 1048581, 65522, 65525, 1048581, 65522, 65526, 1048581, 65522, 65527, 1048581, 65522, 65528, 1048581, 65522, 65529, 1048581, 65522, 65530, 1048581, 65522, 65531, 1048581, 65522, 65532, 1048581, 65522, 65533, 1048581, 65522, 65534, 1048581, 65522, 65535, 1048581, 65522, 0, 1048581, 65522, 1, 1048581, 65522, 2, 1048581, 65522, 3, 1048581, 65522, 4, 1048581, 65522, 5, 1048581, 65522, 6, 1048581, 65522, 7, 1048581, 65522, 8, 1048581, 65522, 9, 1048581, 65522, 10, 1048581, 65522, 11, 1048581, 65522, 12, 1048581, 13, 12, 1048581, 13, 11, 1048581, 13, 10, 1048581, 13, 9, 1048581, 13, 8, 1048581, 13, 7, 1048581, 13, 6, 1048581, 13, 5, 1048581, 13, 4, 1048581, 13, 3, 1048581, 13, 2, 1048581, 13, 1, 1048581, 13, 0, 1048581, 13, 65535, 1048581, 13, 65534, 1048581, 13, 65533, 1048581, 13, 65532, 1048581, 13, 65531, 1048581, 13, 65530, 1048581, 13, 65529, 1048581, 13, 65528, 1048581, 13, 65527, 1048581, 13, 65526, 1048581, 13, 65525, 1048581, 13, 65524, 1048581, 13, 65523, 1048581, 12, 13, 5, 11, 13, 5, 10, 13, 5, 9, 13, 5, 8, 13, 5, 7, 13, 5, 6, 13, 5, 5, 13, 5, 4, 13, 5, 65532, 13, 5, 65531, 13, 5, 65530, 13, 5, 65529, 13, 5, 65528, 13, 5, 65527, 13, 5, 65526, 13, 5, 65525, 13, 5, 65524, 13, 5, 65523, 13, 5, 65533, 13, 5, 65534, 13, 5, 65535, 13, 5, 0, 13, 5, 1, 13, 5, 2, 13, 5, 3, 13, 5, 65530, 65529, 655362, 65532, 65529, 2, 1, 65529, 5, 0, 65529, 5, 65535, 65529, 5, 65534, 65529, 5, 65533, 65529, 5, 6, 65530, 1441797, 6, 65531, 1441797, 6, 65532, 1441797, 6, 65533, 1441797, 6, 65534, 1441797, 6, 65535, 1441797, 6, 0, 1441797, 6, 1, 1441797, 6, 2, 1441797, 6, 3, 1441797, 6, 4, 1441797, 6, 5, 1441797, 5, 6, 655365, 4, 6, 655365, 3, 6, 655365, 2, 6, 655365, 1, 6, 655365, 0, 6, 655365, 65535, 6, 655365, 65534, 6, 655365, 65533, 6, 655365, 65532, 6, 655365, 65531, 6, 655365, 65530, 6, 655365, 65529, 5, 1048581, 65529, 4, 1048581, 65529, 3, 1048581, 65529, 2, 1048581, 65529, 1, 1048581, 65529, 0, 1048581, 65529, 65535, 1048581, 65529, 65534, 1048581, 65529, 65533, 1048581, 65529, 65532, 1048581, 65529, 65531, 1048581, 65529, 65530, 1048581, 65533, 65532, 1048581, 65533, 65533, 1048581, 65533, 65534, 1048581, 65533, 65535, 1048581, 65533, 0, 1048581, 65533, 1, 1048581, 65533, 2, 1048581, 3, 65535, 1441794, 3, 0, 1048581, 3, 1, 1048581, 3, 2, 1048581, 3, 65532, 1048581, 3, 65533, 1048578, 3, 65531, 655360, 65533, 65531, 1441792, 65533, 3, 0, 3, 3, 1048576, 65534, 3, 5, 65535, 3, 5, 0, 3, 5, 1, 3, 5, 2, 3, 5, 65534, 65531, 5, 65535, 65531, 5, 0, 65531, 5, 1, 65531, 5, 2, 65531, 5)
}

[node name="Objects" type="Node3D" parent="." unique_id=489514153]

[node name="Coffins" type="Node3D" parent="Objects" unique_id=812420486]
transform = Transform3D(0.80160874, 0, -0.597849, 0, 1, 0, 0.597849, 0, 0.80160874, 1.8679178, 0, -1.1031954)

[node name="coffin3" parent="Objects/Coffins" unique_id=1894824003 instance=ExtResource("1_coffin")]
transform = Transform3D(0.80160874, 0, 0.597849, 0, 1, 0, -0.597849, 0, 0.80160874, -5.0313406, -5.9604645e-08, -1.4530134)

[node name="CoinDeposit" type="Node3D" parent="Objects/Coffins/coffin3" unique_id=894045105]
transform = Transform3D(1, 0, 0, 0, 1, 0, 0, 0, 1, 0, 0.42, 0)
script = ExtResource("6_deposit")
metadata/_edit_lock_ = true

[node name="coffin8" parent="Objects/Coffins" unique_id=973520463 instance=ExtResource("1_coffin")]
transform = Transform3D(0.80160874, 0, 0.597849, 0, 1, 0, -0.597849, 0, 0.80160874, -1.9275005, -5.9604645e-08, 9.521939)

[node name="CoinDeposit" type="Node3D" parent="Objects/Coffins/coffin8" unique_id=1479578]
transform = Transform3D(1, 0, 0, 0, 1, 0, 0, 0, 1, 0, 0.42, 0)
script = ExtResource("6_deposit")
metadata/_edit_lock_ = true

[node name="coffin4" parent="Objects/Coffins" unique_id=656476163 instance=ExtResource("1_coffin")]
transform = Transform3D(0.80160874, 0, 0.597849, 0, 1, 0, -0.597849, 0, 0.80160874, -0.58958143, -5.9604645e-08, 4.991891)

[node name="CoinDeposit" type="Node3D" parent="Objects/Coffins/coffin4" unique_id=1391479990]
transform = Transform3D(1, 0, 0, 0, 1, 0, 0, 0, 1, 0, 0.42, 0)
script = ExtResource("6_deposit")
metadata/_edit_lock_ = true

[node name="coffin5" parent="Objects/Coffins" unique_id=618843990 instance=ExtResource("1_coffin")]
transform = Transform3D(0.80160874, 0, 0.597849, 0, 1, 0, -0.597849, 0, 0.80160874, -3.2204406, -5.9604645e-08, 19.088963)

[node name="CoinDeposit" type="Node3D" parent="Objects/Coffins/coffin5" unique_id=1410385554]
transform = Transform3D(1, 0, 0, 0, 1, 0, 0, 0, 1, 0, 0.42, 0)
script = ExtResource("6_deposit")
metadata/_edit_lock_ = true

[node name="coffin9" parent="Objects/Coffins" unique_id=1364150830 instance=ExtResource("1_coffin")]
transform = Transform3D(0.80160874, 0, 0.597849, 0, 1, 0, -0.597849, 0, 0.80160874, 12.69909, -5.9604645e-08, -0.6666956)

[node name="CoinDeposit" type="Node3D" parent="Objects/Coffins/coffin9" unique_id=559612101]
transform = Transform3D(1, 0, 0, 0, 1, 0, 0, 0, 1, 0, 0.42, 0)
script = ExtResource("6_deposit")
metadata/_edit_lock_ = true

[node name="coffin10" parent="Objects/Coffins" unique_id=342160619 instance=ExtResource("1_coffin")]
transform = Transform3D(0.80160874, 0, 0.597849, 0, 1, 0, -0.597849, 0, 0.80160874, -0.90127367, -5.9604645e-08, -1.9565535)

[node name="CoinDeposit" type="Node3D" parent="Objects/Coffins/coffin10" unique_id=1933067736]
transform = Transform3D(1, 0, 0, 0, 1, 0, 0, 0, 1, 0, 0.42, 0)
script = ExtResource("6_deposit")
metadata/_edit_lock_ = true

[node name="coffin6" parent="Objects/Coffins" unique_id=1577827533 instance=ExtResource("1_coffin")]
transform = Transform3D(0.80160874, 0, 0.597849, 0, 1, 0, -0.597849, 0, 0.80160874, 5.0818415, -5.9604645e-08, -2.3906522)

[node name="CoinDeposit" type="Node3D" parent="Objects/Coffins/coffin6" unique_id=888618192]
transform = Transform3D(1, 0, 0, 0, 1, 0, 0, 0, 1, 0, 0.42, 0)
script = ExtResource("6_deposit")
metadata/_edit_lock_ = true

[node name="coffin7" parent="Objects/Coffins" unique_id=1406157899 instance=ExtResource("1_coffin")]
transform = Transform3D(0.80160874, 0, 0.597849, 0, 1, 0, -0.597849, 0, 0.80160874, -1.1850202, -5.9604645e-08, -10.881008)

[node name="CoinDeposit" type="Node3D" parent="Objects/Coffins/coffin7" unique_id=1570529832]
transform = Transform3D(1, 0, 0, 0, 1, 0, 0, 0, 1, 0, 0.42, 0)
script = ExtResource("6_deposit")
metadata/_edit_lock_ = true

[node name="Coins" type="Node3D" parent="Objects" unique_id=1464940004]
transform = Transform3D(0.80160874, 0, -0.597849, 0, 1, 0, 0.597849, 0, 0.80160874, 1.8679178, 0, -1.1031954)

[node name="GoldCoinPile" parent="Objects/Coins" unique_id=1305244581 instance=ExtResource("3_coinpile")]
transform = Transform3D(0.80160874, 0, 0.597849, 0, 1, 0, -0.597849, 0, 0.80160874, -6.5227137, 0, 2.1004665)
coin_count = 10

[node name="GoldCoinPile25" parent="Objects/Coins" unique_id=1129076963 instance=ExtResource("3_coinpile")]
transform = Transform3D(0.80160874, 0, 0.597849, 0, 1, 0, -0.597849, 0, 0.80160874, -2.085105, 0, 6.748276)
coin_count = 10

[node name="GoldCoinPile26" parent="Objects/Coins" unique_id=95235736 instance=ExtResource("3_coinpile")]
transform = Transform3D(0.80160874, 0, 0.597849, 0, 1, 0, -0.597849, 0, 0.80160874, -13.879444, 0, 2.5652175)
coin_count = 10

[node name="GoldCoinPile2" parent="Objects/Coins" unique_id=2006825687 instance=ExtResource("3_coinpile")]
transform = Transform3D(0.80160874, 0, 0.597849, 0, 1, 0, -0.597849, 0, 0.80160874, -6.6296086, 0, -0.06717014)
coin_count = 10

[node name="GoldCoinPile22" parent="Objects/Coins" unique_id=2015703996 instance=ExtResource("3_coinpile")]
transform = Transform3D(0.80160874, 0, 0.597849, 0, 1, 0, -0.597849, 0, 0.80160874, 9.550215, 0, -1.8376796)
coin_count = 10

[node name="GoldCoinPile23" parent="Objects/Coins" unique_id=1198355647 instance=ExtResource("3_coinpile")]
transform = Transform3D(0.80160874, 0, 0.597849, 0, 1, 0, -0.597849, 0, 0.80160874, 0.42997748, 0, -5.074117)
coin_count = 10

[node name="GoldCoinPile3" parent="Objects/Coins" unique_id=1309464412 instance=ExtResource("3_coinpile")]
transform = Transform3D(0.80160874, 0, 0.597849, 0, 1, 0, -0.597849, 0, 0.80160874, -2.5352685, 0, 0.9794779)
coin_count = 15

[node name="GoldCoinPile5" parent="Objects/Coins" unique_id=122153076 instance=ExtResource("3_coinpile")]
transform = Transform3D(0.80160874, 0, 0.597849, 0, 1, 0, -0.597849, 0, 0.80160874, -0.16381371, 0, 1.3347886)
coin_count = 10

[node name="GoldCoinPile6" parent="Objects/Coins" unique_id=1364329950 instance=ExtResource("3_coinpile")]
transform = Transform3D(0.80160874, 0, 0.597849, 0, 1, 0, -0.597849, 0, 0.80160874, -1.2210063, 0, 2.6018763)
coin_count = 10

[node name="GoldCoinPile7" parent="Objects/Coins" unique_id=1440141592 instance=ExtResource("3_coinpile")]
transform = Transform3D(0.80160874, 0, 0.597849, 0, 1, 0, -0.597849, 0, 0.80160874, -1.0438664, 0, -0.8282819)
coin_count = 10

[node name="GoldCoinPile9" parent="Objects/Coins" unique_id=691761814 instance=ExtResource("3_coinpile")]
transform = Transform3D(0.80160874, 0, 0.597849, 0, 1, 0, -0.597849, 0, 0.80160874, 14.213495, 0, 4.053943)
coin_count = 10

[node name="GoldCoinPile27" parent="Objects/Coins" unique_id=599318615 instance=ExtResource("3_coinpile")]
transform = Transform3D(0.80160874, 0, 0.597849, 0, 1, 0, -0.597849, 0, 0.80160874, -6.9658513, 0, 8.691376)
coin_count = 10

[node name="GoldCoinPile24" parent="Objects/Coins" unique_id=1145272006 instance=ExtResource("3_coinpile")]
transform = Transform3D(0.80160874, 0, 0.597849, 0, 1, 0, -0.597849, 0, 0.80160874, 1.8248093, 0, -12.795269)
coin_count = 10

[node name="GoldCoinPile10" parent="Objects/Coins" unique_id=880519627 instance=ExtResource("3_coinpile")]
transform = Transform3D(0.80160874, 0, 0.597849, 0, 1, 0, -0.597849, 0, 0.80160874, -10.75897, 0, 6.7170677)
coin_count = 10

[node name="GoldCoinPile11" parent="Objects/Coins" unique_id=2016635951 instance=ExtResource("3_coinpile")]
transform = Transform3D(0.80160874, 0, 0.597849, 0, 1, 0, -0.597849, 0, 0.80160874, 7.1726146, 0, 7.92423)
coin_count = 10

[node name="GoldCoinPile12" parent="Objects/Coins" unique_id=601058255 instance=ExtResource("3_coinpile")]
transform = Transform3D(0.80160874, 0, 0.597849, 0, 1, 0, -0.597849, 0, 0.80160874, -3.9327686, 0, 11.857483)
coin_count = 10

[node name="GoldCoinPile13" parent="Objects/Coins" unique_id=621262923 instance=ExtResource("3_coinpile")]
transform = Transform3D(0.80160874, 0, 0.597849, 0, 1, 0, -0.597849, 0, 0.80160874, -3.3843486, 0, 17.130718)
coin_count = 10

[node name="GoldCoinPile14" parent="Objects/Coins" unique_id=1528887053 instance=ExtResource("3_coinpile")]
transform = Transform3D(0.80160874, 0, 0.597849, 0, 1, 0, -0.597849, 0, 0.80160874, -4.1642327, 0, -8.54768)
coin_count = 10

[node name="GoldCoinPile15" parent="Objects/Coins" unique_id=2045258749 instance=ExtResource("3_coinpile")]
transform = Transform3D(0.80160874, 0, 0.597849, 0, 1, 0, -0.597849, 0, 0.80160874, 4.310932, 0, 11.1921425)
coin_count = 10

[node name="GoldCoinPile16" parent="Objects/Coins" unique_id=89848146 instance=ExtResource("3_coinpile")]
transform = Transform3D(0.80160874, 0, 0.597849, 0, 1, 0, -0.597849, 0, 0.80160874, -11.992676, 0, -4.3133674)
coin_count = 10

[node name="GoldCoinPile17" parent="Objects/Coins" unique_id=1483082274 instance=ExtResource("3_coinpile")]
transform = Transform3D(0.80160874, 0, 0.597849, 0, 1, 0, -0.597849, 0, 0.80160874, 8.087519, 0, -1.4273236)
coin_count = 10

[node name="GoldCoinPile18" parent="Objects/Coins" unique_id=1964026963 instance=ExtResource("3_coinpile")]
transform = Transform3D(0.80160874, 0, 0.597849, 0, 1, 0, -0.597849, 0, 0.80160874, 3.063422, 0, -10.4807205)
coin_count = 10

[node name="GoldCoinPile19" parent="Objects/Coins" unique_id=1948470944 instance=ExtResource("3_coinpile")]
transform = Transform3D(0.80160874, 0, 0.597849, 0, 1, 0, -0.597849, 0, 0.80160874, -9.236326, 0, -2.6612296)
coin_count = 10

[node name="GoldCoinPile20" parent="Objects/Coins" unique_id=716572566 instance=ExtResource("3_coinpile")]
transform = Transform3D(0.80160874, 0, 0.597849, 0, 1, 0, -0.597849, 0, 0.80160874, 0.724328, 0, -0.17672038)
coin_count = 10

[node name="GoldCoinPile21" parent="Objects/Coins" unique_id=1977483895 instance=ExtResource("3_coinpile")]
transform = Transform3D(0.80160874, 0, 0.597849, 0, 1, 0, -0.597849, 0, 0.80160874, 1.0824172, 0, 2.9786193)
coin_count = 10

[node name="WallSolo" type="MeshInstance3D" parent="." unique_id=372796814]
transform = Transform3D(1, 0, 0, 0, 1, 0, 0, 0, 1, 0, 0, 1)
mesh = ExtResource("9_fn345")
surface_material_override/0 = SubResource("ShaderMaterial_kvfjf")

[editable path="KillBoundary3D"]
